# Time (Myr)  Mass (Me)  Radius (Re)  Mass-loss rate (Me/Myr)  Water Mass fraction
1.00000000   2.30000000   2.03132344   0.00100715   0.51000000
11.00000000   2.28991556   2.02831648   0.00101003   0.50784211
21.00000000   2.27980222   2.02528008   0.00101293   0.50565887
31.00000000   2.26965993   2.02221375   0.00101582   0.50344984
41.00000000   2.25948864   2.01911701   0.00101873   0.50121458
51.00000000   2.24928790   2.01602704   0.00102171   0.49895254
61.00000000   2.23905764   2.01287694   0.00102464   0.49666325
71.00000000   2.22879812   2.00969063   0.00102756   0.49434631
81.00000000   2.21850940   2.00646751   0.00103048   0.49200125
91.00000000   2.20819156   2.00320698   0.00103338   0.48962761
101.00000000   2.19784467   1.99990842   0.00102093   0.48722491
111.00000000   2.18825714   1.99682580   0.00088841   0.48497826
121.00000000   2.17986904   1.99410794   0.00078233   0.48299647
131.00000000   2.17244893   1.99168728   0.00069584   0.48123061
141.00000000   2.16582350   1.98951268   0.00062423   0.47964366
151.00000000   2.15986002   1.98754462   0.00056413   0.47820693
161.00000000   2.15445492   1.98575197   0.00051312   0.47689785
171.00000000   2.14952597   1.98410985   0.00046937   0.47569836
181.00000000   2.14500702   1.98259808   0.00043151   0.47459379
191.00000000   2.14084407   1.98120009   0.00039850   0.47357212
201.00000000   2.13699264   1.97990214   0.00036949   0.47262336
211.00000000   2.13341564   1.97869273   0.00034385   0.47173913
221.00000000   2.13008190   1.97756211   0.00032105   0.47091236
231.00000000   2.12696498   1.97650201   0.00030066   0.47013702
241.00000000   2.12404233   1.97550531   0.00028235   0.46940794
251.00000000   2.12129452   1.97456588   0.00026583   0.46872064
261.00000000   2.11870476   1.97367838   0.00025086   0.46807124
271.00000000   2.11625844   1.97283815   0.00023725   0.46745635
281.00000000   2.11394276   1.97204110   0.00022483   0.46687298
291.00000000   2.11174648   1.97128363   0.00021345   0.46631851
301.00000000   2.10965966   1.97056253   0.00020301   0.46579061
311.00000000   2.10767348   1.96987496   0.00019339   0.46528719
321.00000000   2.10578010   1.96921836   0.00018451   0.46480641
331.00000000   2.10397249   1.96859048   0.00017629   0.46434661
341.00000000   2.10224436   1.96798925   0.00016866   0.46390628
351.00000000   2.10059004   1.96741282   0.00016157   0.46348408
361.00000000   2.09900442   1.96685953   0.00015497   0.46307879
371.00000000   2.09748286   1.96632784   0.00014880   0.46268929
381.00000000   2.09602115   1.96581638   0.00014303   0.46231459
391.00000000   2.09461547   1.96532390   0.00013762   0.46195375
401.00000000   2.09326232   1.96484922   0.00013255   0.46160594
411.00000000   2.09195850   1.96439131   0.00012778   0.46127038
421.00000000   2.09070109   1.96394918   0.00012329   0.46094637
431.00000000   2.08948738   1.96352194   0.00011906   0.46063326
441.00000000   2.08831491   1.96310877   0.00011507   0.46033043
451.00000000   2.08718138   1.96270890   0.00011129   0.46003734
461.00000000   2.08608468   1.96232164   0.00010772   0.45975348
471.00000000   2.08502287   1.96194633   0.00010433   0.45947835
481.00000000   2.08399412   1.96158237   0.00010112   0.45921153
491.00000000   2.08299675   1.96122918   0.00009807   0.45895259
501.00000000   2.08202920   1.96088624   0.00009517   0.45870115
511.00000000   2.08109000   1.96055307   0.00009241   0.45845687
521.00000000   2.08017780   1.96022920   0.00008978   0.45821939
531.00000000   2.07929133   1.95991421   0.00008728   0.45798841
541.00000000   2.07842940   1.95960769   0.00008489   0.45776364
551.00000000   2.07759089   1.95930928   0.00008260   0.45754479
561.00000000   2.07677477   1.95901861   0.00008042   0.45733162
571.00000000   2.07598005   1.95873535   0.00007833   0.45712388
581.00000000   2.07520581   1.95845920   0.00007633   0.45692133
591.00000000   2.07445118   1.95818986   0.00007442   0.45672378
601.00000000   2.07371536   1.95792705   0.00007258   0.45653101
611.00000000   2.07299756   1.95767051   0.00007082   0.45634282
621.00000000   2.07229708   1.95741999   0.00006912   0.45615906
631.00000000   2.07161321   1.95717526   0.00006750   0.45597953
641.00000000   2.07094532   1.95693610   0.00006593   0.45580408
651.00000000   2.07029279   1.95670230   0.00006443   0.45563255
661.00000000   2.06965503   1.95647366   0.00006298   0.45546481
671.00000000   2.06903151   1.95625000   0.00006159   0.45530071
681.00000000   2.06842169   1.95603112   0.00006025   0.45514012
691.00000000   2.06782509   1.95581687   0.00005895   0.45498292
701.00000000   2.06724122   1.95560709   0.00005770   0.45482898
711.00000000   2.06666965   1.95540161   0.00005650   0.45467821
721.00000000   2.06610995   1.95520029   0.00005533   0.45453048
731.00000000   2.06556171   1.95500300   0.00005421   0.45438570
741.00000000   2.06502455   1.95480959   0.00005312   0.45424378
751.00000000   2.06449809   1.95461995   0.00005207   0.45410460
761.00000000   2.06398199   1.95443395   0.00005105   0.45396810
771.00000000   2.06347591   1.95425148   0.00005007   0.45383418
781.00000000   2.06297952   1.95407242   0.00004912   0.45370277
791.00000000   2.06249254   1.95389667   0.00004819   0.45357378
801.00000000   2.06201465   1.95372413   0.00004730   0.45344714
811.00000000   2.06154558   1.95355470   0.00004643   0.45332278
821.00000000   2.06108507   1.95338829   0.00004559   0.45320064
831.00000000   2.06063285   1.95322481   0.00004478   0.45308064
841.00000000   2.06018868   1.95306417   0.00004398   0.45296273
851.00000000   2.05975232   1.95290629   0.00004321   0.45284684
861.00000000   2.05932355   1.95275109   0.00004247   0.45273291
871.00000000   2.05890215   1.95259851   0.00004174   0.45262090
881.00000000   2.05848791   1.95244846   0.00004104   0.45251075
891.00000000   2.05808062   1.95230087   0.00004035   0.45240240
901.00000000   2.05768011   1.95215568   0.00003969   0.45229582
911.00000000   2.05728617   1.95201282   0.00003904   0.45219094
921.00000000   2.05689863   1.95187224   0.00003841   0.45208773
931.00000000   2.05651733   1.95173387   0.00003779   0.45198614
941.00000000   2.05614209   1.95159765   0.00003720   0.45188613
951.00000000   2.05577276   1.95146352   0.00003661   0.45178766
961.00000000   2.05540918   1.95133145   0.00003605   0.45169068
971.00000000   2.05505120   1.95120136   0.00003549   0.45159517
981.00000000   2.05469869   1.95107322   0.00003496   0.45150109
991.00000000   2.05435150   1.95094697   0.00003443   0.45140839
1001.00000000   2.05400950   1.95082258   0.00003392   0.45131705
1011.00000000   2.05367256   1.95069998   0.00003342   0.45122703
1021.00000000   2.05334057   1.95057915   0.00003293   0.45113830
1031.00000000   2.05301339   1.95046003   0.00003246   0.45105083
1041.00000000   2.05269092   1.95034259   0.00003199   0.45096459
1051.00000000   2.05237304   1.95022679   0.00003154   0.45087955
1061.00000000   2.05205965   1.95011259   0.00003110   0.45079569
1071.00000000   2.05175063   1.94999995   0.00003066   0.45071298
1081.00000000   2.05144590   1.94988884   0.00003024   0.45063138
1091.00000000   2.05114534   1.94977922   0.00002983   0.45055088
1101.00000000   2.05084887   1.94967107   0.00002943   0.45047145
1111.00000000   2.05055639   1.94956434   0.00002903   0.45039307
1121.00000000   2.05026782   1.94945901   0.00002865   0.45031572
1131.00000000   2.04998307   1.94935505   0.00002827   0.45023936
1141.00000000   2.04970206   1.94925242   0.00002790   0.45016399
1151.00000000   2.04942469   1.94915110   0.00002754   0.45008958
1161.00000000   2.04915091   1.94905106   0.00002718   0.45001610
1171.00000000   2.04888062   1.94895228   0.00002684   0.44994355
1181.00000000   2.04861376   1.94885472   0.00002650   0.44987190
1191.00000000   2.04835025   1.94875837   0.00002617   0.44980113
1201.00000000   2.04809003   1.94866320   0.00002584   0.44973122
1211.00000000   2.04783302   1.94856917   0.00002553   0.44966216
1221.00000000   2.04757916   1.94847628   0.00002521   0.44959393
1231.00000000   2.04732839   1.94838450   0.00002491   0.44952651
1241.00000000   2.04708065   1.94829380   0.00002461   0.44945989
1251.00000000   2.04683587   1.94820417   0.00002432   0.44939405
1261.00000000   2.04659399   1.94811558   0.00002403   0.44932898
1271.00000000   2.04635496   1.94802801   0.00002375   0.44926466
1281.00000000   2.04611873   1.94794145   0.00002347   0.44920107
1291.00000000   2.04588523   1.94785588   0.00002320   0.44913821
1301.00000000   2.04565442   1.94777127   0.00002294   0.44907606
1311.00000000   2.04542625   1.94768761   0.00002267   0.44901460
1321.00000000   2.04520066   1.94760488   0.00002242   0.44895382
1331.00000000   2.04497760   1.94752306   0.00002217   0.44889372
1341.00000000   2.04475704   1.94744214   0.00002192   0.44883427
1351.00000000   2.04453892   1.94736210   0.00002168   0.44877547
1361.00000000   2.04432320   1.94728292   0.00002144   0.44871731
1371.00000000   2.04410984   1.94720459   0.00002121   0.44865976
1381.00000000   2.04389878   1.94712710   0.00002098   0.44860283
1391.00000000   2.04369000   1.94705043   0.00002075   0.44854650
1401.00000000   2.04348345   1.94697455   0.00002053   0.44849076
1411.00000000   2.04327909   1.94689948   0.00002032   0.44843560
1421.00000000   2.04307688   1.94682517   0.00002010   0.44838101
1431.00000000   2.04287679   1.94675163   0.00001989   0.44832698
1441.00000000   2.04267877   1.94667884   0.00001969   0.44827351
1451.00000000   2.04248280   1.94660679   0.00001949   0.44822057
1461.00000000   2.04228884   1.94653547   0.00001929   0.44816816
1471.00000000   2.04209685   1.94646485   0.00001909   0.44811628
1481.00000000   2.04190680   1.94639494   0.00001890   0.44806492
1491.00000000   2.04171866   1.94632572   0.00001871   0.44801406
1501.00000000   2.04153239   1.94625718   0.00001852   0.44796369
1511.00000000   2.04134797   1.94618930   0.00001834   0.44791382
1521.00000000   2.04116536   1.94612208   0.00001816   0.44786443
1531.00000000   2.04098454   1.94605551   0.00001798   0.44781551
1541.00000000   2.04080548   1.94598957   0.00001781   0.44776706
1551.00000000   2.04062814   1.94592426   0.00001764   0.44771907
1561.00000000   2.04045251   1.94585956   0.00001747   0.44767154
1571.00000000   2.04027855   1.94579547   0.00001731   0.44762444
1581.00000000   2.04010623   1.94573198   0.00001714   0.44757779
1591.00000000   2.03993554   1.94566907   0.00001698   0.44753156
1601.00000000   2.03976644   1.94560674   0.00001682   0.44748576
1611.00000000   2.03959891   1.94554498   0.00001667   0.44744038
1621.00000000   2.03943293   1.94548378   0.00001651   0.44739541
1631.00000000   2.03926847   1.94542314   0.00001636   0.44735084
1641.00000000   2.03910552   1.94536303   0.00001621   0.44730668
1651.00000000   2.03894404   1.94530347   0.00001607   0.44726291
1661.00000000   2.03878401   1.94524443   0.00001592   0.44721952
1671.00000000   2.03862542   1.94518591   0.00001578   0.44717652
1681.00000000   2.03846824   1.94512791   0.00001564   0.44713389
1691.00000000   2.03831246   1.94507041   0.00001550   0.44709164
1701.00000000   2.03815804   1.94501340   0.00001537   0.44704975
1711.00000000   2.03800497   1.94495689   0.00001523   0.44700822
1721.00000000   2.03785324   1.94490086   0.00001510   0.44696704
1731.00000000   2.03770282   1.94484531   0.00001497   0.44692622
1741.00000000   2.03755369   1.94479023   0.00001484   0.44688574
1751.00000000   2.03740583   1.94473561   0.00001472   0.44684560
1761.00000000   2.03725924   1.94468145   0.00001459   0.44680580
1771.00000000   2.03711388   1.94462774   0.00001447   0.44676632
1781.00000000   2.03696974   1.94457447   0.00001435   0.44672718
1791.00000000   2.03682681   1.94452164   0.00001423   0.44668835
1801.00000000   2.03668507   1.94446925   0.00001411   0.44664984
1811.00000000   2.03654449   1.94441728   0.00001399   0.44661165
1821.00000000   2.03640508   1.94436573   0.00001388   0.44657376
1831.00000000   2.03626680   1.94431459   0.00001377   0.44653618
1841.00000000   2.03612965   1.94426387   0.00001365   0.44649890
1851.00000000   2.03599360   1.94421355   0.00001354   0.44646192
1861.00000000   2.03585865   1.94416362   0.00001344   0.44642522
1871.00000000   2.03572478   1.94411409   0.00001333   0.44638882
1881.00000000   2.03559198   1.94406495   0.00001322   0.44635270
1891.00000000   2.03546023   1.94401619   0.00001312   0.44631686
1901.00000000   2.03532951   1.94396781   0.00001302   0.44628131
1911.00000000   2.03519982   1.94391980   0.00001291   0.44624602
1921.00000000   2.03507114   1.94387216   0.00001281   0.44621101
1931.00000000   2.03494345   1.94382489   0.00001271   0.44617626
1941.00000000   2.03481676   1.94377797   0.00001262   0.44614177
1951.00000000   2.03469103   1.94373141   0.00001252   0.44610755
1961.00000000   2.03456626   1.94368520   0.00001242   0.44607358
1971.00000000   2.03444244   1.94363933   0.00001233   0.44603987
1981.00000000   2.03431956   1.94359380   0.00001224   0.44600641
1991.00000000   2.03419760   1.94354862   0.00001215   0.44597319
2001.00000000   2.03407655   1.94350376   0.00001206   0.44594022
2011.00000000   2.03395640   1.94345923   0.00001197   0.44590749
2021.00000000   2.03383715   1.94341503   0.00001188   0.44587500
2031.00000000   2.03371877   1.94337115   0.00001179   0.44584275
2041.00000000   2.03360126   1.94332759   0.00001170   0.44581073
2051.00000000   2.03348461   1.94328434   0.00001162   0.44577894
2061.00000000   2.03336880   1.94324140   0.00001153   0.44574737
2071.00000000   2.03325384   1.94319876   0.00001145   0.44571603
2081.00000000   2.03313970   1.94315643   0.00001137   0.44568492
2091.00000000   2.03302637   1.94311440   0.00001129   0.44565402
2101.00000000   2.03291386   1.94307266   0.00001121   0.44562334
2111.00000000   2.03280214   1.94303121   0.00001113   0.44559287
2121.00000000   2.03269121   1.94299005   0.00001105   0.44556261
2131.00000000   2.03258106   1.94294918   0.00001097   0.44553257
2141.00000000   2.03247168   1.94290858   0.00001090   0.44550273
2151.00000000   2.03236306   1.94286827   0.00001082   0.44547309
2161.00000000   2.03225519   1.94282823   0.00001075   0.44544366
2171.00000000   2.03214807   1.94278846   0.00001067   0.44541443
2181.00000000   2.03204168   1.94274897   0.00001060   0.44538539
2191.00000000   2.03193602   1.94270973   0.00001053   0.44535655
2201.00000000   2.03183108   1.94267077   0.00001045   0.44532791
2211.00000000   2.03172685   1.94263206   0.00001038   0.44529945
2221.00000000   2.03162332   1.94259360   0.00001031   0.44527118
2231.00000000   2.03152049   1.94255541   0.00001025   0.44524310
2241.00000000   2.03141834   1.94251746   0.00001018   0.44521521
2251.00000000   2.03131687   1.94247976   0.00001011   0.44518750
2261.00000000   2.03121608   1.94244231   0.00001004   0.44515996
2271.00000000   2.03111594   1.94240511   0.00000998   0.44513261
2281.00000000   2.03101647   1.94236814   0.00000991   0.44510544
2291.00000000   2.03091765   1.94233141   0.00000985   0.44507843
2301.00000000   2.03081946   1.94229492   0.00000978   0.44505161
2311.00000000   2.03072192   1.94225866   0.00000972   0.44502495
2321.00000000   2.03062500   1.94222263   0.00000966   0.44499846
2331.00000000   2.03052871   1.94218683   0.00000960   0.44497214
2341.00000000   2.03043303   1.94215125   0.00000953   0.44494599
2351.00000000   2.03033796   1.94211590   0.00000947   0.44492000
2361.00000000   2.03024350   1.94208077   0.00000941   0.44489417
2371.00000000   2.03014963   1.94204586   0.00000935   0.44486850
2381.00000000   2.03005635   1.94201116   0.00000930   0.44484300
2391.00000000   2.02996365   1.94197668   0.00000924   0.44481765
2401.00000000   2.02987153   1.94194241   0.00000918   0.44479245
2411.00000000   2.02977999   1.94190835   0.00000912   0.44476741
2421.00000000   2.02968901   1.94187450   0.00000907   0.44474252
2431.00000000   2.02959859   1.94184085   0.00000901   0.44471779
2441.00000000   2.02950873   1.94180741   0.00000896   0.44469320
2451.00000000   2.02941941   1.94177417   0.00000890   0.44466876
2461.00000000   2.02933064   1.94174113   0.00000885   0.44464447
2471.00000000   2.02924240   1.94170828   0.00000879   0.44462032
2481.00000000   2.02915470   1.94167563   0.00000874   0.44459631
2491.00000000   2.02906753   1.94164318   0.00000869   0.44457245
2501.00000000   2.02898087   1.94161092   0.00000864   0.44454873
2511.00000000   2.02889474   1.94157884   0.00000859   0.44452515
2521.00000000   2.02880911   1.94154696   0.00000853   0.44450171
2531.00000000   2.02872399   1.94151526   0.00000848   0.44447840
2541.00000000   2.02863937   1.94148374   0.00000843   0.44445523
2551.00000000   2.02855525   1.94145241   0.00000838   0.44443219
2561.00000000   2.02847163   1.94142126   0.00000834   0.44440929
2571.00000000   2.02838848   1.94139028   0.00000829   0.44438651
2581.00000000   2.02830582   1.94135949   0.00000824   0.44436387
2591.00000000   2.02822364   1.94132887   0.00000819   0.44434136
2601.00000000   2.02814193   1.94129842   0.00000815   0.44431897
2611.00000000   2.02806069   1.94126814   0.00000810   0.44429671
2621.00000000   2.02797992   1.94123804   0.00000805   0.44427458
2631.00000000   2.02789960   1.94120811   0.00000801   0.44425257
2641.00000000   2.02781974   1.94117834   0.00000796   0.44423068
2651.00000000   2.02774033   1.94114874   0.00000792   0.44420891
2661.00000000   2.02766136   1.94111930   0.00000787   0.44418727
2671.00000000   2.02758284   1.94109003   0.00000783   0.44416574
2681.00000000   2.02750476   1.94106091   0.00000778   0.44414434
2691.00000000   2.02742711   1.94103196   0.00000774   0.44412305
2701.00000000   2.02734990   1.94100317   0.00000770   0.44410188
2711.00000000   2.02727310   1.94097453   0.00000766   0.44408082
2721.00000000   2.02719674   1.94094605   0.00000761   0.44405988
2731.00000000   2.02712079   1.94091772   0.00000757   0.44403905
2741.00000000   2.02704525   1.94088954   0.00000753   0.44401833
2751.00000000   2.02697013   1.94086152   0.00000749   0.44399773
2761.00000000   2.02689541   1.94083365   0.00000745   0.44397723
2771.00000000   2.02682110   1.94080592   0.00000741   0.44395684
2781.00000000   2.02674718   1.94077834   0.00000737   0.44393657
2791.00000000   2.02667367   1.94075091   0.00000733   0.44391639
2801.00000000   2.02660054   1.94072363   0.00000729   0.44389633
2811.00000000   2.02652781   1.94069648   0.00000725   0.44387637
2821.00000000   2.02645546   1.94066948   0.00000721   0.44385652
2831.00000000   2.02638349   1.94064262   0.00000718   0.44383676
2841.00000000   2.02631191   1.94061590   0.00000714   0.44381712
2851.00000000   2.02624070   1.94058932   0.00000710   0.44379757
2861.00000000   2.02616986   1.94056287   0.00000706   0.44377812
2871.00000000   2.02609939   1.94053657   0.00000703   0.44375878
2881.00000000   2.02602929   1.94051039   0.00000699   0.44373953
2891.00000000   2.02595955   1.94048435   0.00000695   0.44372038
2901.00000000   2.02589017   1.94045845   0.00000692   0.44370133
2911.00000000   2.02582115   1.94043267   0.00000688   0.44368238
2921.00000000   2.02575248   1.94040703   0.00000685   0.44366352
2931.00000000   2.02568416   1.94038151   0.00000681   0.44364476
2941.00000000   2.02561619   1.94035612   0.00000678   0.44362609
2951.00000000   2.02554857   1.94033086   0.00000674   0.44360752
2961.00000000   2.02548128   1.94030573   0.00000671   0.44358903
2971.00000000   2.02541434   1.94028072   0.00000668   0.44357064
2981.00000000   2.02534773   1.94025584   0.00000664   0.44355234
2991.00000000   2.02528146   1.94023107   0.00000661   0.44353413
3001.00000000   2.02521551   1.94020643   0.00000658   0.44351602
3011.00000000   2.02514990   1.94018192   0.00000654   0.44349798
3021.00000000   2.02508461   1.94015752   0.00000651   0.44348004
3031.00000000   2.02501964   1.94013324   0.00000648   0.44346219
3041.00000000   2.02495499   1.94010908   0.00000645   0.44344442
3051.00000000   2.02489066   1.94008503   0.00000642   0.44342674
3061.00000000   2.02482664   1.94006110   0.00000638   0.44340914
3071.00000000   2.02476294   1.94003729   0.00000635   0.44339163
3081.00000000   2.02469954   1.94001359   0.00000632   0.44337420
3091.00000000   2.02463646   1.93999001   0.00000629   0.44335686
3101.00000000   2.02457367   1.93996653   0.00000626   0.44333960
3111.00000000   2.02451119   1.93994317   0.00000623   0.44332242
3121.00000000   2.02444901   1.93991992   0.00000620   0.44330532
3131.00000000   2.02438713   1.93989678   0.00000617   0.44328830
3141.00000000   2.02432554   1.93987375   0.00000614   0.44327136
3151.00000000   2.02426424   1.93985083   0.00000611   0.44325450
3161.00000000   2.02420324   1.93982801   0.00000608   0.44323772
3171.00000000   2.02414252   1.93980530   0.00000606   0.44322102
3181.00000000   2.02408209   1.93978270   0.00000603   0.44320440
3191.00000000   2.02402194   1.93976020   0.00000600   0.44318785
3201.00000000   2.02396207   1.93973780   0.00000597   0.44317138
3211.00000000   2.02390248   1.93971551   0.00000594   0.44315499
3221.00000000   2.02384317   1.93969332   0.00000592   0.44313867
3231.00000000   2.02378414   1.93967123   0.00000589   0.44312243
3241.00000000   2.02372537   1.93964924   0.00000586   0.44310626
3251.00000000   2.02366688   1.93962736   0.00000583   0.44309016
3261.00000000   2.02360866   1.93960557   0.00000581   0.44307414
3271.00000000   2.02355070   1.93958388   0.00000578   0.44305818
3281.00000000   2.02349301   1.93956229   0.00000575   0.44304231
3291.00000000   2.02343558   1.93954079   0.00000573   0.44302650
3301.00000000   2.02337841   1.93951939   0.00000570   0.44301076
3311.00000000   2.02332149   1.93949809   0.00000568   0.44299509
3321.00000000   2.02326484   1.93947688   0.00000565   0.44297950
3331.00000000   2.02320844   1.93945577   0.00000563   0.44296397
3341.00000000   2.02315229   1.93943475   0.00000560   0.44294851
3351.00000000   2.02309639   1.93941382   0.00000558   0.44293312
3361.00000000   2.02304075   1.93939299   0.00000555   0.44291779
3371.00000000   2.02298535   1.93937224   0.00000553   0.44290254
3381.00000000   2.02293019   1.93935159   0.00000550   0.44288735
3391.00000000   2.02287528   1.93933103   0.00000548   0.44287223
3401.00000000   2.02282061   1.93931055   0.00000545   0.44285717
3411.00000000   2.02276618   1.93929017   0.00000543   0.44284218
3421.00000000   2.02271199   1.93926987   0.00000541   0.44282725
3431.00000000   2.02265803   1.93924967   0.00000538   0.44281239
3441.00000000   2.02260431   1.93922954   0.00000536   0.44279759
3451.00000000   2.02255082   1.93920951   0.00000534   0.44278285
3461.00000000   2.02249757   1.93918956   0.00000531   0.44276818
3471.00000000   2.02244454   1.93916969   0.00000529   0.44275357
3481.00000000   2.02239174   1.93914991   0.00000527   0.44273902
3491.00000000   2.02233917   1.93913022   0.00000524   0.44272454
3501.00000000   2.02228683   1.93911060   0.00000522   0.44271011
3511.00000000   2.02223470   1.93909107   0.00000520   0.44269575
3521.00000000   2.02218280   1.93907163   0.00000518   0.44268144
3531.00000000   2.02213112   1.93905226   0.00000516   0.44266720
3541.00000000   2.02207966   1.93903297   0.00000513   0.44265301
3551.00000000   2.02202841   1.93901377   0.00000511   0.44263889
3561.00000000   2.02197738   1.93899464   0.00000509   0.44262482
3571.00000000   2.02192656   1.93897560   0.00000507   0.44261081
3581.00000000   2.02187596   1.93895663   0.00000505   0.44259686
3591.00000000   2.02182556   1.93893774   0.00000503   0.44258297
3601.00000000   2.02177538   1.93891893   0.00000501   0.44256913
3611.00000000   2.02172540   1.93890019   0.00000499   0.44255536
3621.00000000   2.02167564   1.93888154   0.00000497   0.44254163
3631.00000000   2.02162607   1.93886295   0.00000495   0.44252797
3641.00000000   2.02157671   1.93884445   0.00000492   0.44251435
3651.00000000   2.02152755   1.93882602   0.00000490   0.44250080
3661.00000000   2.02147860   1.93880766   0.00000488   0.44248730
3671.00000000   2.02142984   1.93878938   0.00000486   0.44247385
3681.00000000   2.02138128   1.93877117   0.00000484   0.44246046
3691.00000000   2.02133292   1.93875303   0.00000483   0.44244712
3701.00000000   2.02128476   1.93873497   0.00000481   0.44243383
3711.00000000   2.02123678   1.93871698   0.00000479   0.44242060
3721.00000000   2.02118901   1.93869906   0.00000477   0.44240742
3731.00000000   2.02114142   1.93868121   0.00000475   0.44239429
3741.00000000   2.02109402   1.93866343   0.00000473   0.44238121
3751.00000000   2.02104682   1.93864572   0.00000471   0.44236819
3761.00000000   2.02099980   1.93862808   0.00000469   0.44235521
3771.00000000   2.02095296   1.93861051   0.00000467   0.44234229
3781.00000000   2.02090632   1.93859301   0.00000465   0.44232942
3791.00000000   2.02085985   1.93857558   0.00000464   0.44231660
3801.00000000   2.02081358   1.93855822   0.00000462   0.44230383
3811.00000000   2.02076748   1.93854092   0.00000460   0.44229110
3821.00000000   2.02072156   1.93852369   0.00000458   0.44227843
3831.00000000   2.02067582   1.93850653   0.00000456   0.44226581
3841.00000000   2.02063026   1.93848943   0.00000455   0.44225323
3851.00000000   2.02058488   1.93847240   0.00000453   0.44224070
3861.00000000   2.02053968   1.93845544   0.00000451   0.44222823
3871.00000000   2.02049464   1.93843854   0.00000449   0.44221579
3881.00000000   2.02044979   1.93842170   0.00000448   0.44220341
3891.00000000   2.02040510   1.93840493   0.00000446   0.44219107
3901.00000000   2.02036059   1.93838822   0.00000444   0.44217878
3911.00000000   2.02031625   1.93837158   0.00000442   0.44216654
3921.00000000   2.02027207   1.93835499   0.00000441   0.44215434
3931.00000000   2.02022807   1.93833847   0.00000439   0.44214219
3941.00000000   2.02018423   1.93832202   0.00000437   0.44213009
3951.00000000   2.02014056   1.93830562   0.00000436   0.44211803
3961.00000000   2.02009705   1.93828929   0.00000434   0.44210601
3971.00000000   2.02005371   1.93827301   0.00000433   0.44209404
3981.00000000   2.02001053   1.93825680   0.00000431   0.44208212
3991.00000000   2.01996751   1.93824065   0.00000429   0.44207023
4001.00000000   2.01992465   1.93822455   0.00000428   0.44205840
4011.00000000   2.01988196   1.93820852   0.00000426   0.44204660
4021.00000000   2.01983942   1.93819255   0.00000425   0.44203485
4031.00000000   2.01979704   1.93817663   0.00000423   0.44202314
4041.00000000   2.01975482   1.93816077   0.00000421   0.44201148
4051.00000000   2.01971275   1.93814497   0.00000420   0.44199986
4061.00000000   2.01967084   1.93812923   0.00000418   0.44198828
4071.00000000   2.01962908   1.93811355   0.00000417   0.44197674
4081.00000000   2.01958748   1.93809792   0.00000415   0.44196525
4091.00000000   2.01954603   1.93808235   0.00000414   0.44195379
4101.00000000   2.01950472   1.93806683   0.00000412   0.44194238
4111.00000000   2.01946357   1.93805137   0.00000411   0.44193101
4121.00000000   2.01942257   1.93803597   0.00000409   0.44191968
4131.00000000   2.01938172   1.93802062   0.00000408   0.44190839
4141.00000000   2.01934102   1.93800533   0.00000406   0.44189714
4151.00000000   2.01930046   1.93799009   0.00000405   0.44188593
4161.00000000   2.01926005   1.93797491   0.00000403   0.44187476
4171.00000000   2.01921978   1.93795978   0.00000402   0.44186363
4181.00000000   2.01917966   1.93794470   0.00000400   0.44185254
4191.00000000   2.01913968   1.93792968   0.00000399   0.44184149
4201.00000000   2.01909985   1.93791471   0.00000398   0.44183048
4211.00000000   2.01906015   1.93789979   0.00000396   0.44181950
4221.00000000   2.01902060   1.93788492   0.00000395   0.44180857
4231.00000000   2.01898118   1.93787011   0.00000393   0.44179767
4241.00000000   2.01894191   1.93785535   0.00000392   0.44178681
4251.00000000   2.01890277   1.93784064   0.00000391   0.44177599
4261.00000000   2.01886378   1.93782598   0.00000389   0.44176521
4271.00000000   2.01882491   1.93781137   0.00000388   0.44175446
4281.00000000   2.01878619   1.93779681   0.00000387   0.44174375
4291.00000000   2.01874760   1.93778231   0.00000385   0.44173308
4301.00000000   2.01870914   1.93776785   0.00000384   0.44172245
4311.00000000   2.01867082   1.93775344   0.00000382   0.44171185
4321.00000000   2.01863263   1.93773908   0.00000381   0.44170129
4331.00000000   2.01859457   1.93772477   0.00000380   0.44169076
4341.00000000   2.01855664   1.93771051   0.00000379   0.44168027
4351.00000000   2.01851885   1.93769630   0.00000377   0.44166982
4361.00000000   2.01848118   1.93768214   0.00000376   0.44165940
4371.00000000   2.01844364   1.93766802   0.00000375   0.44164901
4381.00000000   2.01840623   1.93765396   0.00000373   0.44163866
4391.00000000   2.01836895   1.93763994   0.00000372   0.44162835
4401.00000000   2.01833180   1.93762596   0.00000371   0.44161807
4411.00000000   2.01829477   1.93761204   0.00000370   0.44160783
4421.00000000   2.01825787   1.93759816   0.00000368   0.44159762
4431.00000000   2.01822109   1.93758433   0.00000367   0.44158744
4441.00000000   2.01818443   1.93757054   0.00000366   0.44157730
4451.00000000   2.01814790   1.93755680   0.00000365   0.44156719
4461.00000000   2.01811150   1.93754310   0.00000363   0.44155712
4471.00000000   2.01807521   1.93752945   0.00000362   0.44154708
4481.00000000   2.01803904   1.93751585   0.00000361   0.44153707
4491.00000000   2.01800300   1.93750229   0.00000360   0.44152709
4501.00000000   2.01796707   1.93748878   0.00000359   0.44151715
4511.00000000   2.01793127   1.93747531   0.00000357   0.44150724
4521.00000000   2.01789558   1.93746188   0.00000356   0.44149736
4531.00000000   2.01786001   1.93744850   0.00000355   0.44148752
4541.00000000   2.01782456   1.93743516   0.00000354   0.44147771
4551.00000000   2.01778923   1.93742186   0.00000353   0.44146793
4561.00000000   2.01775401   1.93740861   0.00000352   0.44145818
4571.00000000   2.01771891   1.93739540   0.00000350   0.44144846
4581.00000000   2.01768392   1.93738224   0.00000349   0.44143878
4591.00000000   2.01764904   1.93736911   0.00000348   0.44142912
4601.00000000   2.01761428   1.93735603   0.00000347   0.44141950
4611.00000000   2.01757963   1.93734299   0.00000346   0.44140990
4621.00000000   2.01754510   1.93732999   0.00000345   0.44140034
4631.00000000   2.01751067   1.93731704   0.00000344   0.44139081
4641.00000000   2.01747636   1.93730412   0.00000343   0.44138131
4651.00000000   2.01744216   1.93729125   0.00000341   0.44137184
4661.00000000   2.01740806   1.93727842   0.00000340   0.44136240
4671.00000000   2.01737408   1.93726563   0.00000339   0.44135299
4681.00000000   2.01734021   1.93725287   0.00000338   0.44134361
4691.00000000   2.01730644   1.93724016   0.00000337   0.44133426
4701.00000000   2.01727278   1.93722749   0.00000336   0.44132494
4711.00000000   2.01723923   1.93721486   0.00000335   0.44131564
4721.00000000   2.01720578   1.93720227   0.00000334   0.44130638
4731.00000000   2.01717244   1.93718972   0.00000333   0.44129715
4741.00000000   2.01713921   1.93717721   0.00000332   0.44128794
4751.00000000   2.01710608   1.93716473   0.00000331   0.44127877
4761.00000000   2.01707305   1.93715230   0.00000330   0.44126962
4771.00000000   2.01704013   1.93713990   0.00000329   0.44126050
4781.00000000   2.01700731   1.93712754   0.00000328   0.44125141
4791.00000000   2.01697460   1.93711523   0.00000327   0.44124234
4801.00000000   2.01694198   1.93710294   0.00000326   0.44123331
4811.00000000   2.01690947   1.93709070   0.00000325   0.44122430
4821.00000000   2.01687706   1.93707849   0.00000324   0.44121532
4831.00000000   2.01684475   1.93706633   0.00000323   0.44120637
4841.00000000   2.01681254   1.93705420   0.00000322   0.44119744
4851.00000000   2.01678043   1.93704210   0.00000321   0.44118855
4861.00000000   2.01674841   1.93703004   0.00000320   0.44117968
4871.00000000   2.01671650   1.93701802   0.00000319   0.44117083
4881.00000000   2.01668468   1.93700604   0.00000318   0.44116202
4891.00000000   2.01665297   1.93699409   0.00000317   0.44115323
4901.00000000   2.01662134   1.93698218   0.00000316   0.44114446
4911.00000000   2.01658982   1.93697031   0.00000315   0.44113573
4921.00000000   2.01655839   1.93695847   0.00000314   0.44112702
4931.00000000   2.01652705   1.93694666   0.00000313   0.44111833
4941.00000000   2.01649582   1.93693489   0.00000312   0.44110968
4951.00000000   2.01646467   1.93692316   0.00000311   0.44110104
4961.00000000   2.01643362   1.93691146   0.00000310   0.44109244
4971.00000000   2.01640266   1.93689980   0.00000309   0.44108386
4981.00000000   2.01637180   1.93688817   0.00000308   0.44107530
4991.00000000   2.01634103   1.93687658   0.00000307   0.44106677
