# Time (Myr)  Mass (Me)  Radius (Re)  Mass-loss rate (Me/Myr)  Water Mass fraction
1.00000000   1.50000000   2.54529826   0.01494990   0.50000000
1.10000000   1.49850424   2.54475883   0.01496706   0.49950091
1.20000000   1.49700676   2.54421560   0.01498422   0.49900026
1.30000000   1.49550757   2.54366855   0.01500137   0.49849802
1.40000000   1.49400666   2.54311765   0.01501851   0.49799420
1.50000000   1.49250404   2.54256289   0.01503564   0.49748880
1.60000000   1.49099970   2.54200425   0.01505276   0.49698179
1.70000000   1.48949366   2.54144171   0.01506986   0.49647318
1.80000000   1.48798590   2.54087525   0.01508696   0.49596297
1.90000000   1.48647643   2.54030484   0.01510405   0.49545113
2.00000000   1.48496526   2.53973046   0.01512112   0.49493768
2.10000000   1.48345238   2.53915210   0.01513818   0.49442260
2.20000000   1.48193780   2.53856973   0.01515523   0.49390588
2.30000000   1.48042151   2.53798333   0.01517226   0.49338753
2.40000000   1.47890351   2.53739288   0.01518928   0.49286752
2.50000000   1.47738382   2.53679836   0.01520629   0.49234587
2.60000000   1.47586243   2.53619975   0.01522328   0.49182255
2.70000000   1.47433934   2.53559703   0.01524025   0.49129757
2.80000000   1.47281455   2.53499017   0.01525721   0.49077092
2.90000000   1.47128807   2.53437915   0.01527415   0.49024259
3.00000000   1.46975989   2.53376395   0.01529107   0.48971257
3.10000000   1.46823002   2.53314455   0.01530797   0.48918086
3.20000000   1.46669846   2.53252093   0.01532486   0.48864745
3.30000000   1.46516522   2.53189306   0.01534173   0.48811234
3.40000000   1.46363029   2.53126093   0.01535858   0.48757551
3.50000000   1.46209367   2.53062451   0.01537540   0.48703697
3.60000000   1.46055538   2.52998377   0.01539221   0.48649670
3.70000000   1.45901540   2.52933870   0.01540899   0.48595471
3.80000000   1.45747375   2.52868928   0.01542576   0.48541097
3.90000000   1.45593042   2.52803547   0.01544249   0.48486549
4.00000000   1.45438541   2.52737727   0.01545921   0.48431826
4.10000000   1.45283874   2.52671463   0.01547590   0.48376927
4.20000000   1.45129040   2.52604755   0.01549257   0.48321852
4.30000000   1.44974040   2.52537600   0.01550921   0.48266600
4.40000000   1.44818873   2.52469996   0.01552583   0.48211170
4.50000000   1.44663540   2.52401940   0.01554242   0.48155561
4.60000000   1.44508041   2.52333430   0.01555898   0.48099774
4.70000000   1.44352377   2.52264463   0.01557552   0.48043807
4.80000000   1.44196547   2.52195038   0.01559202   0.47987659
4.90000000   1.44040553   2.52125152   0.01560850   0.47931330
5.00000000   1.43884394   2.52054802   0.01562495   0.47874819
5.10000000   1.43728070   2.51983987   0.01564136   0.47818126
5.20000000   1.43571583   2.51912703   0.01565775   0.47761250
5.30000000   1.43414932   2.51840949   0.01567410   0.47704190
5.40000000   1.43258117   2.51768722   0.01569042   0.47646946
5.50000000   1.43101140   2.51696020   0.01570671   0.47589516
5.60000000   1.42944000   2.51622840   0.01572296   0.47531900
5.70000000   1.42786697   2.51549180   0.01573918   0.47474098
5.80000000   1.42629232   2.51475037   0.01575537   0.47416109
5.90000000   1.42471606   2.51400409   0.01577151   0.47357932
6.00000000   1.42313818   2.51325294   0.01578762   0.47299566
6.10000000   1.42155870   2.51249688   0.01580369   0.47241011
6.20000000   1.41997761   2.51173591   0.01581973   0.47182266
6.30000000   1.41839491   2.51096998   0.01583572   0.47123330
6.40000000   1.41681062   2.51019908   0.01585167   0.47064203
6.50000000   1.41522474   2.50942319   0.01586759   0.47004883
6.60000000   1.41363727   2.50864227   0.01588346   0.46945371
6.70000000   1.41204821   2.50785630   0.01589928   0.46885666
6.80000000   1.41045757   2.50706526   0.01591507   0.46825767
6.90000000   1.40886535   2.50626912   0.01593081   0.46765672
7.00000000   1.40727157   2.50546785   0.01594651   0.46705382
7.10000000   1.40567621   2.50466144   0.01596216   0.46644896
7.20000000   1.40407929   2.50384985   0.01597776   0.46584213
7.30000000   1.40248082   2.50303307   0.01599332   0.46523333
7.40000000   1.40088079   2.50221105   0.01600882   0.46462254
7.50000000   1.39927921   2.50138379   0.01602428   0.46400976
7.60000000   1.39767608   2.50055125   0.01603969   0.46339498
7.70000000   1.39607142   2.49971341   0.01605505   0.46277820
7.80000000   1.39446523   2.49887023   0.01607036   0.46215941
7.90000000   1.39285751   2.49802171   0.01608561   0.46153860
8.00000000   1.39124826   2.49716780   0.01610081   0.46091577
8.10000000   1.38963739   2.49654587   0.01612209   0.46029086
8.20000000   1.38802390   2.49619171   0.01615042   0.45966348
8.30000000   1.38640759   2.49583117   0.01617875   0.45903354
8.40000000   1.38478844   2.49546418   0.01620707   0.45840102
8.50000000   1.38316645   2.49509071   0.01623538   0.45776591
8.60000000   1.38154164   2.49471069   0.01626368   0.45712820
8.70000000   1.37991400   2.49432408   0.01629197   0.45648787
8.80000000   1.37828353   2.49393083   0.01632024   0.45584491
8.90000000   1.37665024   2.49353089   0.01634850   0.45519931
9.00000000   1.37501412   2.49312419   0.01637674   0.45455105
9.10000000   1.37337517   2.49271070   0.01640496   0.45390013
9.20000000   1.37173341   2.49229035   0.01643316   0.45324653
9.30000000   1.37008882   2.49186310   0.01646134   0.45259024
9.40000000   1.36844142   2.49142888   0.01648950   0.45193123
9.50000000   1.36679120   2.49098766   0.01651764   0.45126952
9.60000000   1.36513817   2.49053936   0.01654575   0.45060506
9.70000000   1.36348234   2.49008394   0.01657383   0.44993787
9.80000000   1.36182369   2.48962134   0.01660189   0.44926791
9.90000000   1.36016224   2.48915150   0.01662991   0.44859519
10.00000000   1.35849799   2.48867438   0.01665790   0.44791968
10.10000000   1.35683094   2.48818992   0.01668586   0.44724138
10.20000000   1.35516110   2.48769805   0.01671379   0.44656026
10.30000000   1.35348846   2.48719872   0.01674167   0.44587633
10.40000000   1.35181304   2.48669188   0.01676952   0.44518955
10.50000000   1.35013484   2.48617747   0.01679733   0.44449993
10.60000000   1.34845385   2.48565543   0.01682510   0.44380744
10.70000000   1.34677010   2.48512571   0.01685282   0.44311208
10.80000000   1.34508357   2.48458824   0.01688050   0.44241383
10.90000000   1.34339428   2.48404296   0.01690813   0.44171267
11.00000000   1.34170222   2.48348983   0.01693571   0.44100860
11.10000000   1.34000741   2.48292877   0.01696324   0.44030160
11.20000000   1.33830985   2.48235973   0.01699071   0.43959166
11.30000000   1.33660955   2.48178266   0.01701813   0.43887876
11.40000000   1.33490650   2.48119748   0.01704550   0.43816290
11.50000000   1.33320072   2.48060415   0.01707280   0.43744405
11.60000000   1.33149222   2.48000259   0.01710005   0.43672220
11.70000000   1.32978099   2.47939276   0.01712723   0.43599735
11.80000000   1.32806704   2.47877458   0.01715435   0.43526947
11.90000000   1.32635039   2.47814800   0.01718140   0.43453856
12.00000000   1.32463104   2.47751295   0.01720838   0.43380460
12.10000000   1.32290899   2.47686938   0.01723529   0.43306758
12.20000000   1.32118425   2.47621722   0.01726212   0.43232747
12.30000000   1.31945683   2.47555641   0.01728888   0.43158428
12.40000000   1.31772674   2.47488688   0.01731557   0.43083799
12.50000000   1.31599399   2.47420858   0.01734217   0.43008858
12.60000000   1.31425858   2.47352143   0.01736869   0.42933604
12.70000000   1.31252052   2.47282538   0.01739513   0.42858036
12.80000000   1.31077982   2.47212037   0.01742148   0.42782152
12.90000000   1.30903649   2.47140632   0.01744774   0.42705952
13.00000000   1.30729054   2.47068318   0.01747391   0.42629432
13.10000000   1.30554197   2.46995087   0.01749998   0.42552594
13.20000000   1.30379080   2.46920934   0.01752596   0.42475434
13.30000000   1.30203704   2.46845852   0.01755184   0.42397952
13.40000000   1.30028070   2.46769835   0.01757762   0.42320147
13.50000000   1.29852178   2.46692875   0.01760330   0.42242016
13.60000000   1.29676030   2.46614967   0.01762886   0.42163559
13.70000000   1.29499626   2.46536103   0.01765433   0.42084775
13.80000000   1.29322969   2.46456277   0.01767967   0.42005662
13.90000000   1.29146059   2.46375483   0.01770491   0.41926218
14.00000000   1.28968896   2.46293714   0.01773003   0.41846444
14.10000000   1.28791483   2.46210963   0.01775503   0.41766336
14.20000000   1.28613821   2.46127223   0.01777990   0.41685894
14.30000000   1.28435911   2.46042488   0.01780465   0.41605117
14.40000000   1.28257753   2.45956751   0.01782928   0.41524003
14.50000000   1.28079350   2.45870005   0.01785377   0.41442551
14.60000000   1.27900703   2.45782243   0.01787813   0.41360760
14.70000000   1.27721812   2.45693460   0.01790236   0.41278628
14.80000000   1.27542680   2.45603647   0.01792645   0.41196155
14.90000000   1.27363308   2.45512798   0.01795039   0.41113338
15.00000000   1.27183697   2.45420906   0.01797419   0.41030178
15.10000000   1.27003848   2.45327965   0.01799785   0.40946671
15.20000000   1.26823764   2.45233967   0.01802135   0.40862818
15.30000000   1.26643445   2.45138906   0.01804470   0.40778617
15.40000000   1.26462894   2.45042775   0.01806789   0.40694066
15.50000000   1.26282111   2.44945567   0.01809092   0.40609165
15.60000000   1.26101099   2.44847274   0.01811379   0.40523912
15.70000000   1.25919858   2.44747891   0.01813650   0.40438307
15.80000000   1.25738392   2.44647410   0.01815903   0.40352347
15.90000000   1.25556701   2.44545824   0.01818140   0.40266032
16.00000000   1.25374787   2.44443126   0.01820359   0.40179360
16.10000000   1.25192652   2.44339310   0.01822560   0.40092331
16.20000000   1.25010297   2.44234368   0.01824742   0.40004942
16.30000000   1.24827722   2.44131344   0.01826998   0.39917192
16.40000000   1.24644921   2.44027446   0.01829244   0.39829076
16.50000000   1.24461896   2.43922487   0.01831473   0.39740593
16.60000000   1.24278649   2.43816462   0.01833687   0.39651742
16.70000000   1.24095181   2.43709363   0.01835883   0.39562520
16.80000000   1.23911495   2.43601183   0.01838063   0.39472928
16.90000000   1.23727591   2.43491917   0.01840226   0.39382963
17.00000000   1.23543472   2.43381557   0.01842371   0.39292624
17.10000000   1.23359139   2.43270097   0.01844498   0.39201910
17.20000000   1.23174594   2.43157529   0.01846608   0.39110820
17.30000000   1.22989839   2.43043849   0.01848699   0.39019353
17.40000000   1.22804875   2.42929048   0.01850771   0.38927506
17.50000000   1.22619706   2.42813120   0.01852824   0.38835280
17.60000000   1.22434332   2.42696058   0.01854857   0.38742672
17.70000000   1.22248755   2.42577857   0.01856871   0.38649682
17.80000000   1.22062978   2.42458508   0.01858865   0.38556308
17.90000000   1.21877003   2.42338006   0.01860838   0.38462550
18.00000000   1.21690831   2.42216343   0.01862791   0.38368405
18.10000000   1.21504465   2.42093514   0.01864722   0.38273873
18.20000000   1.21317906   2.41969512   0.01866632   0.38178953
18.30000000   1.21131158   2.41844329   0.01868521   0.38083643
18.40000000   1.20944222   2.41717959   0.01870387   0.37987943
18.50000000   1.20757100   2.41590397   0.01872231   0.37891851
18.60000000   1.20569795   2.41461634   0.01874052   0.37795366
18.70000000   1.20382308   2.41331664   0.01875849   0.37698487
18.80000000   1.20194644   2.41200482   0.01877623   0.37601213
18.90000000   1.20006802   2.41068080   0.01879374   0.37503543
19.00000000   1.19818787   2.40934452   0.01881100   0.37405475
19.10000000   1.19630600   2.40799591   0.01882801   0.37307010
19.20000000   1.19442244   2.40663491   0.01884478   0.37208146
19.30000000   1.19253722   2.40526145   0.01886129   0.37108881
19.40000000   1.19065036   2.40387547   0.01887754   0.37009216
19.50000000   1.18876188   2.40247690   0.01889353   0.36909148
19.60000000   1.18687182   2.40106569   0.01890926   0.36808677
19.70000000   1.18498020   2.39964176   0.01892472   0.36707803
19.80000000   1.18308704   2.39820505   0.01893991   0.36606524
19.90000000   1.18119237   2.39675550   0.01895482   0.36504839
20.00000000   1.17929623   2.39529305   0.01896945   0.36402748
20.10000000   1.17739864   2.39381764   0.01898380   0.36300249
20.20000000   1.17549962   2.39232919   0.01899787   0.36197342
20.30000000   1.17359921   2.39082766   0.01901164   0.36094027
20.40000000   1.17169744   2.38931297   0.01902511   0.35990301
20.50000000   1.16979433   2.38778507   0.01903829   0.35886166
20.60000000   1.16788992   2.38624390   0.01905117   0.35781619
20.70000000   1.16598424   2.38468940   0.01906373   0.35676661
20.80000000   1.16407731   2.38312150   0.01907599   0.35571290
20.90000000   1.16216917   2.38154015   0.01908794   0.35465506
21.00000000   1.16025985   2.37994529   0.01909956   0.35359308
21.10000000   1.15834938   2.37833686   0.01911087   0.35252696
21.20000000   1.15643780   2.37671481   0.01912184   0.35145669
21.30000000   1.15452514   2.37507906   0.01913249   0.35038227
21.40000000   1.15261142   2.37342958   0.01914281   0.34930369
21.50000000   1.15069669   2.37176630   0.01915278   0.34822094
21.60000000   1.14878097   2.37008917   0.01916242   0.34713403
21.70000000   1.14686431   2.36839814   0.01917171   0.34604295
21.80000000   1.14494673   2.36669314   0.01918065   0.34494769
21.90000000   1.14302828   2.36497412   0.01918924   0.34384825
22.00000000   1.14110898   2.36324104   0.01919746   0.34274464
22.10000000   1.13918888   2.36149384   0.01920533   0.34163683
22.20000000   1.13726800   2.35973247   0.01921284   0.34052484
22.30000000   1.13534640   2.35795688   0.01921997   0.33940866
22.40000000   1.13342409   2.35616701   0.01922673   0.33828829
22.50000000   1.13150113   2.35436283   0.01923311   0.33716372
22.60000000   1.12957754   2.35254428   0.01923912   0.33603496
22.70000000   1.12765338   2.35071131   0.01924474   0.33490200
22.80000000   1.12572866   2.34886387   0.01924997   0.33376485
22.90000000   1.12380345   2.34700193   0.01925480   0.33262351
23.00000000   1.12187776   2.34512544   0.01925925   0.33147797
23.10000000   1.11995165   2.34323435   0.01926329   0.33032824
23.20000000   1.11802516   2.34132862   0.01926692   0.32917431
23.30000000   1.11609832   2.33940821   0.01927015   0.32801619
23.40000000   1.11417117   2.33747308   0.01927297   0.32685388
23.50000000   1.11224376   2.33552319   0.01927537   0.32568738
23.60000000   1.11031613   2.33355849   0.01927736   0.32451670
23.70000000   1.10838832   2.33157896   0.01927892   0.32334184
23.80000000   1.10646038   2.32958455   0.01928005   0.32216280
23.90000000   1.10453234   2.32757523   0.01928076   0.32097959
24.00000000   1.10260424   2.32555097   0.01928103   0.31979221
24.10000000   1.10067615   2.32351172   0.01928086   0.31860066
24.20000000   1.09874808   2.32145747   0.01928025   0.31740495
24.30000000   1.09682010   2.31938818   0.01927920   0.31620509
24.40000000   1.09489225   2.31730381   0.01927770   0.31500109
24.50000000   1.09296456   2.31520435   0.01927575   0.31379294
24.60000000   1.09103709   2.31312815   0.01927462   0.31258066
24.70000000   1.08910840   2.31189665   0.01930179   0.31136331
24.80000000   1.08717702   2.31063922   0.01932832   0.31013995
24.90000000   1.08524302   2.30935567   0.01935421   0.30891055
25.00000000   1.08330646   2.30804582   0.01937943   0.30767513
25.10000000   1.08136740   2.30670949   0.01940399   0.30643369
25.20000000   1.07942593   2.30534648   0.01942787   0.30518623
25.30000000   1.07748209   2.30395662   0.01945105   0.30393275
25.40000000   1.07553597   2.30253973   0.01947353   0.30267325
25.50000000   1.07358763   2.30109565   0.01949529   0.30140775
25.60000000   1.07163715   2.29962418   0.01951632   0.30013624
25.70000000   1.06968485   2.29793348   0.01953009   0.29885891
25.80000000   1.06773129   2.29619310   0.01954230   0.29757608
25.90000000   1.06577654   2.29442590   0.01955374   0.29628776
26.00000000   1.06382068   2.29263177   0.01956439   0.29499396
26.10000000   1.06186379   2.29081060   0.01957425   0.29369472
26.20000000   1.05990595   2.28896228   0.01958330   0.29239005
26.30000000   1.05794724   2.28708669   0.01959154   0.29107996
26.40000000   1.05598775   2.28518374   0.01959895   0.28976449
26.50000000   1.05402755   2.28325333   0.01960553   0.28844365
26.60000000   1.05206673   2.28129537   0.01961126   0.28711746
26.70000000   1.05010538   2.27930976   0.01961615   0.28578596
26.80000000   1.04814358   2.27729643   0.01962017   0.28444918
26.90000000   1.04618141   2.27525527   0.01962332   0.28310712
27.00000000   1.04421897   2.27318623   0.01962560   0.28175984
27.10000000   1.04225634   2.27108923   0.01962699   0.28040735
27.20000000   1.04029361   2.26896419   0.01962749   0.27904969
27.30000000   1.03833087   2.26681106   0.01962708   0.27768689
27.40000000   1.03636821   2.26462977   0.01962577   0.27631899
27.50000000   1.03440573   2.26242028   0.01962354   0.27494601
27.60000000   1.03244351   2.26018253   0.01962038   0.27356800
27.70000000   1.03048165   2.25791648   0.01961630   0.27218500
27.80000000   1.02852024   2.25562210   0.01961127   0.27079704
27.90000000   1.02655937   2.25329934   0.01960530   0.26940417
28.00000000   1.02459914   2.25094818   0.01959837   0.26800642
28.10000000   1.02263965   2.24856860   0.01959049   0.26660384
28.20000000   1.02068099   2.24616058   0.01958165   0.26519647
28.30000000   1.01872326   2.24372412   0.01957183   0.26378436
28.40000000   1.01676656   2.24125920   0.01956104   0.26236756
28.50000000   1.01481098   2.23876582   0.01954926   0.26094611
28.60000000   1.01285662   2.23624399   0.01953650   0.25952007
28.70000000   1.01090358   2.23369373   0.01952275   0.25808948
28.80000000   1.00895196   2.23111506   0.01950801   0.25665440
28.90000000   1.00700186   2.22850799   0.01949226   0.25521488
29.00000000   1.00505337   2.22587255   0.01947552   0.25377097
29.10000000   1.00310661   2.22320879   0.01945776   0.25232274
29.20000000   1.00116167   2.22051675   0.01943900   0.25087024
29.30000000   0.99921866   2.21779647   0.01941922   0.24941353
29.40000000   0.99727766   2.21504802   0.01939842   0.24795267
29.50000000   0.99533879   2.21227145   0.01937661   0.24648772
29.60000000   0.99340215   2.20946683   0.01935378   0.24501875
29.70000000   0.99146784   2.20663425   0.01932993   0.24354581
29.80000000   0.98953596   2.20377377   0.01930505   0.24206898
29.90000000   0.98760661   2.20088549   0.01927915   0.24058831
30.00000000   0.98567990   2.19796951   0.01925222   0.23910389
30.10000000   0.98375592   2.19502593   0.01922427   0.23761577
30.20000000   0.98183479   2.19205485   0.01919530   0.23612403
30.30000000   0.97991660   2.18905639   0.01916530   0.23462874
30.40000000   0.97800146   2.18603068   0.01913428   0.23312998
30.50000000   0.97608947   2.18297784   0.01910223   0.23162781
30.60000000   0.97418072   2.17989800   0.01906916   0.23012231
30.70000000   0.97227533   2.17679132   0.01903508   0.22861357
30.80000000   0.97037339   2.17365794   0.01899998   0.22710165
30.90000000   0.96847501   2.17049801   0.01896386   0.22558663
31.00000000   0.96658029   2.16731170   0.01892673   0.22406860
31.10000000   0.96468932   2.16409918   0.01888860   0.22254763
31.20000000   0.96280222   2.16086063   0.01884946   0.22102381
31.30000000   0.96091907   2.15759622   0.01880932   0.21949723
31.40000000   0.95903998   2.15430615   0.01876819   0.21796795
31.50000000   0.95716505   2.15099062   0.01872606   0.21643608
31.60000000   0.95529437   2.14764982   0.01868295   0.21490169
31.70000000   0.95342806   2.14428398   0.01863886   0.21336487
31.80000000   0.95156619   2.14089329   0.01859380   0.21182572
31.90000000   0.94970887   2.13747799   0.01854777   0.21028431
32.00000000   0.94785620   2.13403830   0.01850078   0.20874074
32.10000000   0.94600827   2.13057447   0.01845283   0.20719510
32.20000000   0.94416518   2.12708672   0.01840394   0.20564747
32.30000000   0.94232702   2.12357531   0.01835411   0.20409796
32.40000000   0.94049389   2.12004050   0.01830336   0.20254665
32.50000000   0.93866587   2.11648254   0.01825168   0.20099364
32.60000000   0.93684312   2.11277023   0.01819455   0.19943907
32.70000000   0.93502663   2.10880419   0.01812855   0.19788381
32.80000000   0.93321678   2.10481860   0.01806174   0.19632821
32.90000000   0.93141364   2.10081382   0.01799414   0.19477237
33.00000000   0.92961729   2.09679020   0.01792576   0.19321639
33.10000000   0.92782782   2.09274810   0.01785661   0.19166037
33.20000000   0.92604530   2.08868791   0.01778672   0.19010442
33.30000000   0.92426980   2.08460999   0.01771609   0.18854863
33.40000000   0.92250140   2.08051471   0.01764473   0.18699310
33.50000000   0.92074016   2.07640245   0.01757268   0.18543794
33.60000000   0.91898616   2.07227360   0.01749994   0.18388325
33.70000000   0.91723947   2.06812854   0.01742652   0.18232912
33.80000000   0.91550014   2.06396766   0.01735245   0.18077566
33.90000000   0.91376825   2.05979136   0.01727774   0.17922296
34.00000000   0.91204387   2.05560001   0.01720240   0.17767113
34.10000000   0.91032704   2.05139403   0.01712646   0.17612026
34.20000000   0.90861783   2.04717381   0.01704992   0.17457046
34.30000000   0.90691631   2.04293975   0.01697281   0.17302181
34.40000000   0.90522251   2.03869225   0.01689515   0.17147443
34.50000000   0.90353651   2.03443172   0.01681694   0.16992840
34.60000000   0.90185836   2.03015856   0.01673822   0.16838382
34.70000000   0.90018810   2.02587317   0.01665898   0.16684079
34.80000000   0.89852578   2.02157598   0.01657926   0.16529941
34.90000000   0.89687146   2.01726738   0.01649907   0.16375977
35.00000000   0.89522518   2.01294778   0.01641843   0.16222196
35.10000000   0.89358698   2.00861760   0.01633734   0.16068607
35.20000000   0.89195691   2.00427725   0.01625584   0.15915221
35.30000000   0.89033501   1.99992713   0.01617394   0.15762046
35.40000000   0.88872132   1.99556766   0.01609165   0.15609091
35.50000000   0.88711587   1.99119925   0.01600900   0.15456365
35.60000000   0.88551870   1.98682231   0.01592600   0.15303878
35.70000000   0.88392985   1.98243724   0.01584266   0.15151638
35.80000000   0.88234934   1.97804447   0.01575902   0.14999653
35.90000000   0.88077722   1.97364438   0.01567507   0.14847934
36.00000000   0.87921350   1.96923741   0.01559085   0.14696487
36.10000000   0.87765821   1.96482394   0.01550636   0.14545322
36.20000000   0.87611139   1.96040439   0.01542162   0.14394447
36.30000000   0.87457305   1.95597915   0.01533666   0.14243870
36.40000000   0.87304321   1.95154863   0.01525148   0.14093599
36.50000000   0.87152190   1.94711323   0.01516611   0.13943643
36.60000000   0.87000914   1.94267335   0.01508056   0.13794009
36.70000000   0.86850494   1.93822938   0.01499485   0.13644705
36.80000000   0.86700932   1.93378172   0.01490899   0.13495739
36.90000000   0.86552229   1.92933075   0.01482301   0.13347119
37.00000000   0.86404386   1.92487686   0.01473690   0.13198851
37.10000000   0.86257405   1.92042045   0.01465071   0.13050943
37.20000000   0.86111286   1.91596189   0.01456443   0.12903403
37.30000000   0.85966030   1.91150157   0.01447808   0.12756237
37.40000000   0.85821638   1.90703985   0.01439168   0.12609452
37.50000000   0.85678110   1.90257712   0.01430525   0.12463055
37.60000000   0.85535408   1.89858540   0.01423294   0.12317014
37.70000000   0.85393370   1.89484019   0.01416798   0.12171168
37.80000000   0.85251986   1.89107260   0.01410230   0.12025509
37.90000000   0.85111261   1.88728316   0.01403590   0.11880051
38.00000000   0.84971203   1.88347244   0.01396882   0.11734803
38.10000000   0.84831819   1.87964098   0.01390107   0.11589778
38.20000000   0.84693116   1.87578935   0.01383267   0.11444987
38.30000000   0.84555099   1.87191810   0.01376366   0.11300441
38.40000000   0.84417776   1.86802780   0.01369404   0.11156152
38.50000000   0.84281151   1.86411900   0.01362384   0.11012131
38.60000000   0.84145230   1.86019229   0.01355309   0.10868388
38.70000000   0.84010019   1.85624821   0.01348181   0.10724934
38.80000000   0.83875524   1.85228736   0.01341001   0.10581781
38.90000000   0.83741749   1.84831028   0.01333772   0.10438938
39.00000000   0.83608699   1.84431756   0.01326496   0.10296415
39.10000000   0.83476378   1.84030976   0.01319175   0.10154224
39.20000000   0.83344792   1.83628746   0.01311813   0.10012373
39.30000000   0.83214741   1.82538698   0.01284947   0.09871738
39.40000000   0.83087510   1.81399651   0.01257015   0.09733725
39.50000000   0.82963035   1.80277877   0.01229891   0.09598293
39.60000000   0.82841238   1.79173104   0.01203550   0.09465380
39.70000000   0.82722040   1.78085059   0.01177968   0.09334925
39.80000000   0.82605368   1.77013470   0.01153121   0.09206869
39.90000000   0.82491148   1.75958061   0.01128985   0.09081153
40.00000000   0.82379310   1.74918558   0.01105537   0.08957722
40.10000000   0.82269787   1.73894688   0.01082756   0.08836521
40.20000000   0.82162512   1.72886177   0.01060620   0.08717494
40.30000000   0.82057424   1.71892755   0.01039108   0.08600591
40.40000000   0.81954459   1.70914152   0.01018200   0.08485760
40.50000000   0.81853558   1.69950102   0.00997876   0.08372951
40.60000000   0.81754664   1.69000339   0.00978118   0.08262115
40.70000000   0.81657721   1.68064602   0.00958907   0.08153205
40.80000000   0.81562675   1.67142632   0.00940226   0.08046175
40.90000000   0.81469475   1.66234173   0.00922056   0.07940980
41.00000000   0.81378068   1.65338974   0.00904383   0.07837576
41.10000000   0.81288408   1.64456786   0.00887189   0.07735922
41.20000000   0.81200445   1.63587364   0.00870459   0.07635975
41.30000000   0.81114136   1.62730467   0.00854178   0.07537695
41.40000000   0.81029435   1.61885858   0.00838332   0.07441042
41.50000000   0.80946299   1.61053303   0.00822907   0.07345980
41.60000000   0.80864687   1.60232574   0.00807889   0.07252470
41.70000000   0.80784560   1.59423444   0.00793265   0.07160477
41.80000000   0.80705877   1.58625693   0.00779022   0.07069965
41.90000000   0.80628602   1.57839103   0.00765149   0.06980900
42.00000000   0.80552699   1.57063462   0.00751634   0.06893250
42.10000000   0.80478131   1.56298560   0.00738465   0.06806980
42.20000000   0.80404864   1.55544193   0.00725632   0.06722061
42.30000000   0.80332866   1.54800158   0.00713124   0.06638462
42.40000000   0.80262105   1.54066260   0.00700931   0.06556152
42.50000000   0.80192550   1.53342306   0.00689042   0.06475102
42.60000000   0.80124170   1.52628105   0.00677450   0.06395286
42.70000000   0.80056936   1.51923474   0.00666143   0.06316674
42.80000000   0.79990820   1.51228230   0.00655115   0.06239241
42.90000000   0.79925795   1.50542195   0.00644355   0.06162960
43.00000000   0.79861834   1.49865197   0.00633856   0.06087807
43.10000000   0.79798911   1.49197064   0.00623610   0.06013756
43.20000000   0.79737002   1.48537630   0.00613610   0.05940783
43.30000000   0.79676083   1.47886733   0.00603847   0.05868866
43.40000000   0.79616129   1.47244211   0.00594315   0.05797982
43.50000000   0.79557118   1.46609910   0.00585007   0.05728108
43.60000000   0.79499028   1.45983676   0.00575917   0.05659224
43.70000000   0.79441838   1.45365360   0.00567037   0.05591308
43.80000000   0.79385526   1.44754815   0.00558361   0.05524340
43.90000000   0.79330073   1.44151899   0.00549885   0.05458300
44.00000000   0.79275459   1.43556471   0.00541601   0.05393168
44.10000000   0.79221665   1.42968395   0.00533505   0.05328927
44.20000000   0.79168672   1.42387536   0.00525590   0.05265557
44.30000000   0.79116462   1.41813764   0.00517852   0.05203042
44.40000000   0.79065019   1.41246950   0.00510286   0.05141362
44.50000000   0.79014325   1.40686969   0.00502886   0.05080503
44.60000000   0.78964363   1.40133698   0.00495649   0.05020446
44.70000000   0.78915118   1.39587017   0.00488569   0.04961176
44.80000000   0.78866574   1.39046810   0.00481642   0.04902678
44.90000000   0.78818716   1.38512960   0.00474864   0.04844936
45.00000000   0.78771530   1.37985357   0.00468230   0.04787935
45.10000000   0.78725000   1.37463889   0.00461738   0.04731661
45.20000000   0.78679113   1.36948449   0.00455382   0.04676099
45.30000000   0.78633856   1.36438933   0.00449159   0.04621236
45.40000000   0.78589216   1.35935238   0.00443066   0.04567059
45.50000000   0.78545178   1.35437262   0.00437099   0.04513553
45.60000000   0.78501733   1.34944907   0.00431254   0.04460707
45.70000000   0.78458866   1.34458077   0.00425529   0.04408508
45.80000000   0.78416566   1.33976677   0.00419921   0.04356944
45.90000000   0.78374822   1.33500616   0.00414425   0.04306003
46.00000000   0.78333623   1.33029803   0.00409040   0.04255673
46.10000000   0.78292957   1.32564149   0.00403762   0.04205943
46.20000000   0.78252815   1.32103568   0.00398588   0.04156803
46.30000000   0.78213185   1.31647976   0.00393516   0.04108240
46.40000000   0.78174058   1.31197289   0.00388544   0.04060245
46.50000000   0.78135424   1.30751427   0.00383668   0.04012807
46.60000000   0.78097273   1.30310309   0.00378887   0.03965917
46.70000000   0.78059596   1.29873859   0.00374197   0.03919564
46.80000000   0.78022384   1.29441999   0.00369597   0.03873740
46.90000000   0.77985628   1.29014656   0.00365084   0.03828434
47.00000000   0.77949320   1.28591757   0.00360657   0.03783638
47.10000000   0.77913450   1.28173229   0.00356312   0.03739342
47.20000000   0.77878012   1.27759004   0.00352048   0.03695538
47.30000000   0.77842996   1.27349012   0.00347864   0.03652218
47.40000000   0.77808395   1.26943186   0.00343756   0.03609373
47.50000000   0.77774201   1.26541461   0.00339724   0.03566994
47.60000000   0.77740408   1.26143771   0.00335765   0.03525075
47.70000000   0.77707007   1.25750055   0.00331878   0.03483607
47.80000000   0.77673991   1.25360250   0.00328061   0.03442582
47.90000000   0.77641354   1.24974295   0.00324312   0.03401994
48.00000000   0.77609089   1.24592131   0.00320629   0.03361835
48.10000000   0.77577190   1.24213700   0.00317012   0.03322097
48.20000000   0.77545649   1.23838945   0.00313459   0.03282775
48.30000000   0.77514461   1.23467810   0.00309967   0.03243860
48.40000000   0.77483619   1.23100240   0.00306536   0.03205347
48.50000000   0.77453118   1.22736182   0.00303165   0.03167229
48.60000000   0.77422951   1.22375582   0.00299851   0.03129499
48.70000000   0.77393113   1.22018389   0.00296594   0.03092152
48.80000000   0.77363598   1.21664553   0.00293392   0.03055181
48.90000000   0.77334400   1.21314024   0.00290245   0.03018580
49.00000000   0.77305516   1.20966753   0.00287150   0.02982343
49.10000000   0.77276938   1.20622692   0.00284107   0.02946465
49.20000000   0.77248662   1.20281795   0.00281115   0.02910940
49.30000000   0.77220684   1.19944016   0.00278172   0.02875763
49.40000000   0.77192997   1.19609310   0.00275277   0.02840928
49.50000000   0.77165598   1.19277632   0.00272430   0.02806429
49.60000000   0.77138481   1.18948940   0.00269629   0.02772263
49.70000000   0.77111643   1.18623190   0.00266873   0.02738423
49.80000000   0.77085078   1.18300341   0.00264161   0.02704905
49.90000000   0.77058782   1.17980352   0.00261493   0.02671704
50.00000000   0.77032751   1.17663183   0.00258868   0.02638815
50.10000000   0.77006981   1.17348794   0.00256283   0.02606233
50.20000000   0.76981468   1.17037147   0.00253740   0.02573954
50.30000000   0.76956207   1.16728204   0.00251236   0.02541974
50.40000000   0.76931194   1.16421927   0.00248771   0.02510288
50.50000000   0.76906427   1.16118279   0.00246345   0.02478891
50.60000000   0.76881900   1.15817226   0.00243955   0.02447781
50.70000000   0.76857611   1.15518731   0.00241603   0.02416951
50.80000000   0.76833555   1.15222760   0.00239286   0.02386399
50.90000000   0.76809729   1.14929279   0.00237004   0.02356120
51.00000000   0.76786130   1.14638254   0.00234757   0.02326111
51.10000000   0.76762755   1.14349653   0.00232544   0.02296367
51.20000000   0.76739599   1.14063444   0.00230363   0.02266885
51.30000000   0.76716659   1.13779594   0.00228215   0.02237662
51.40000000   0.76693933   1.13498072   0.00226099   0.02208693
51.50000000   0.76671417   1.13218849   0.00224013   0.02179975
51.60000000   0.76649109   1.12941894   0.00221959   0.02151504
51.70000000   0.76627004   1.12667177   0.00219934   0.02123278
51.80000000   0.76605101   1.12394669   0.00217938   0.02095293
51.90000000   0.76583396   1.12124343   0.00215972   0.02067545
52.00000000   0.76561886   1.11856170   0.00214033   0.02040031
52.10000000   0.76540569   1.11590122   0.00212122   0.02012749
52.20000000   0.76519442   1.11326172   0.00210238   0.01985694
52.30000000   0.76498502   1.11064295   0.00208381   0.01958864
52.40000000   0.76477746   1.10804463   0.00206550   0.01932257
52.50000000   0.76457173   1.10546651   0.00204744   0.01905868
52.60000000   0.76436779   1.10290834   0.00202964   0.01879696
52.70000000   0.76416562   1.10036987   0.00201208   0.01853736
52.80000000   0.76396519   1.09785086   0.00199477   0.01827988
52.90000000   0.76376648   1.09535106   0.00197769   0.01802447
53.00000000   0.76356947   1.09287023   0.00196085   0.01777111
53.10000000   0.76337414   1.09040816   0.00194423   0.01751977
53.20000000   0.76318046   1.08796460   0.00192784   0.01727043
53.30000000   0.76298840   1.08553934   0.00191167   0.01702306
53.40000000   0.76279795   1.08313215   0.00189571   0.01677765
53.50000000   0.76260909   1.08074282   0.00187997   0.01653415
53.60000000   0.76242180   1.07837112   0.00186444   0.01629255
53.70000000   0.76223604   1.07601686   0.00184911   0.01605283
53.80000000   0.76205181   1.07367982   0.00183399   0.01581495
53.90000000   0.76186909   1.07135980   0.00181906   0.01557891
54.00000000   0.76168785   1.06905660   0.00180433   0.01534467
54.10000000   0.76150807   1.06677002   0.00178978   0.01511221
54.20000000   0.76132974   1.06449987   0.00177543   0.01488152
54.30000000   0.76115284   1.06224596   0.00176126   0.01465256
54.40000000   0.76097734   1.06000809   0.00174727   0.01442532
54.50000000   0.76080324   1.05778609   0.00173346   0.01419978
54.60000000   0.76063051   1.05557977   0.00171982   0.01397592
54.70000000   0.76045913   1.05338895   0.00170635   0.01375371
54.80000000   0.76028910   1.05121346   0.00169306   0.01353314
54.90000000   0.76012038   1.04905312   0.00167993   0.01331419
55.00000000   0.75995298   1.04690775   0.00166696   0.01309683
55.10000000   0.75978686   1.04477720   0.00165416   0.01288106
55.20000000   0.75962201   1.04266130   0.00164151   0.01266684
55.30000000   0.75945842   1.04055987   0.00162902   0.01245417
55.40000000   0.75929608   1.03847276   0.00161668   0.01224302
55.50000000   0.75913496   1.03639982   0.00160449   0.01203338
55.60000000   0.75897505   1.03434088   0.00159245   0.01182523
55.70000000   0.75881635   1.03229580   0.00158055   0.01161855
55.80000000   0.75865882   1.03026441   0.00156880   0.01141333
55.90000000   0.75850246   1.02824657   0.00155719   0.01120954
56.00000000   0.75834726   1.02624214   0.00154571   0.01100718
56.10000000   0.75819320   1.02425096   0.00153438   0.01080622
56.20000000   0.75804027   1.02227290   0.00152317   0.01060665
56.30000000   0.75788845   1.02030782   0.00151210   0.01040846
56.40000000   0.75773774   1.01835556   0.00150116   0.01021163
56.50000000   0.75758811   1.01641601   0.00149034   0.01001614
56.60000000   0.75743956   1.01448903   0.00147965   0.00982198
56.70000000   0.75729207   1.01257447   0.00146909   0.00962913
56.80000000   0.75714563   1.01067221   0.00145864   0.00943759
56.90000000   0.75700023   1.00878213   0.00144832   0.00924733
57.00000000   0.75685586   1.00690409   0.00143811   0.00905834
57.10000000   0.75671250   1.00503797   0.00142802   0.00887061
57.20000000   0.75657015   1.00318364   0.00141804   0.00868413
57.30000000   0.75642879   1.00134099   0.00140818   0.00849887
57.40000000   0.75628841   0.99950989   0.00139843   0.00831484
57.50000000   0.75614901   0.99769023   0.00138878   0.00813200
57.60000000   0.75601056   0.99588188   0.00137925   0.00795036
57.70000000   0.75587306   0.99408474   0.00136982   0.00776990
57.80000000   0.75573650   0.99229869   0.00136049   0.00759061
57.90000000   0.75560086   0.99052361   0.00135126   0.00741246
58.00000000   0.75546615   0.98875940   0.00134214   0.00723547
58.10000000   0.75533234   0.98700595   0.00133312   0.00705960
58.20000000   0.75519943   0.98526315   0.00132419   0.00688485
58.30000000   0.75506741   0.98353089   0.00131537   0.00671120
58.40000000   0.75493627   0.98180908   0.00130663   0.00653866
58.50000000   0.75480599   0.98009760   0.00129799   0.00636719
58.60000000   0.75467658   0.97839635   0.00128945   0.00619680
58.70000000   0.75454802   0.97670524   0.00128099   0.00602747
58.80000000   0.75442030   0.97502417   0.00127263   0.00585919
58.90000000   0.75429341   0.97335303   0.00126435   0.00569196
59.00000000   0.75416734   0.97169173   0.00125616   0.00552575
59.10000000   0.75404209   0.97004018   0.00124806   0.00536056
59.20000000   0.75391765   0.96839829   0.00124004   0.00519638
59.30000000   0.75379400   0.96676595   0.00123210   0.00503320
59.40000000   0.75367114   0.96514308   0.00122425   0.00487102
59.50000000   0.75354907   0.96352959   0.00121648   0.00470981
59.60000000   0.75342777   0.96192539   0.00120878   0.00454957
59.70000000   0.75330723   0.96033039   0.00120117   0.00439029
59.80000000   0.75318746   0.95874451   0.00119363   0.00423196
59.90000000   0.75306843   0.95716765   0.00118618   0.00407457
60.00000000   0.75295014   0.95559974   0.00117879   0.00391811
60.10000000   0.75283259   0.95404069   0.00117149   0.00376258
60.20000000   0.75271577   0.95249042   0.00116425   0.00360797
60.30000000   0.75259967   0.95094884   0.00115709   0.00345425
60.40000000   0.75248428   0.94941588   0.00115000   0.00330144
60.50000000   0.75236960   0.94789146   0.00114298   0.00314951
60.60000000   0.75225561   0.94637550   0.00113603   0.00299847
60.70000000   0.75214232   0.94486792   0.00112915   0.00284829
60.80000000   0.75202971   0.94336865   0.00112233   0.00269898
60.90000000   0.75191778   0.94187760   0.00111559   0.00255052
61.00000000   0.75180653   0.94039471   0.00110891   0.00240291
61.10000000   0.75169593   0.93891991   0.00110229   0.00225614
61.20000000   0.75158600   0.93745311   0.00109574   0.00211020
61.30000000   0.75147672   0.93599425   0.00108925   0.00196509
61.40000000   0.75136808   0.93454326   0.00108282   0.00182079
61.50000000   0.75126009   0.93310007   0.00107646   0.00167730
61.60000000   0.75115273   0.93166460   0.00107016   0.00153461
61.70000000   0.75104599   0.93023680   0.00106392   0.00139271
61.80000000   0.75093988   0.92881658   0.00105773   0.00125160
61.90000000   0.75083438   0.92740390   0.00105161   0.00111127
62.00000000   0.75072949   0.92599867   0.00104554   0.00097171
62.10000000   0.75062521   0.92460083   0.00103953   0.00083292
62.20000000   0.75052153   0.92321033   0.00103358   0.00069489
62.30000000   0.75041844   0.92182710   0.00102768   0.00055760
62.40000000   0.75031593   0.92045106   0.00102183   0.00042106
62.50000000   0.75021401   0.91908217   0.00101605   0.00028526
62.60000000   0.75011266   0.91772037   0.00101031   0.00015019
62.70000000   0.75001189   0.91636558   0.00100463   0.00001585
