# Time (Myr)  Mass (Me)  Radius (Re)  Mass-loss rate (Me/Myr)  Water Mass fraction
1.00000000   2.68000000   2.18695697   0.00008696   0.66700000
11.00000000   2.67913027   2.18678353   0.00008699   0.66689190
21.00000000   2.67826026   2.18660994   0.00008702   0.66678369
31.00000000   2.67738996   2.18643620   0.00008705   0.66667538
41.00000000   2.67651936   2.18626233   0.00008708   0.66656696
51.00000000   2.67564848   2.18608830   0.00008710   0.66645843
61.00000000   2.67477731   2.18591413   0.00008713   0.66634979
71.00000000   2.67390585   2.18573982   0.00008716   0.66624105
81.00000000   2.67303409   2.18556536   0.00008719   0.66613220
91.00000000   2.67216205   2.18539075   0.00008722   0.66602325
101.00000000   2.67128972   2.18521599   0.00008596   0.66591419
111.00000000   2.67048332   2.18505437   0.00007463   0.66581330
121.00000000   2.66977931   2.18491321   0.00006559   0.66572518
131.00000000   2.66915770   2.18478852   0.00005824   0.66564733
141.00000000   2.66860357   2.18467732   0.00005216   0.66557790
151.00000000   2.66810552   2.18457735   0.00004708   0.66551548
161.00000000   2.66765470   2.18448684   0.00004277   0.66545895
171.00000000   2.66724408   2.18440437   0.00003908   0.66540745
181.00000000   2.66686801   2.18432883   0.00003589   0.66536027
191.00000000   2.66652191   2.18425930   0.00003311   0.66531683
201.00000000   2.66620200   2.18419501   0.00003068   0.66527667
211.00000000   2.66590513   2.18413534   0.00002853   0.66523940
221.00000000   2.66562866   2.18407976   0.00002661   0.66520468
231.00000000   2.66537035   2.18402783   0.00002491   0.66517223
241.00000000   2.66512831   2.18397916   0.00002338   0.66514183
251.00000000   2.66490088   2.18393342   0.00002199   0.66511325
261.00000000   2.66468666   2.18389033   0.00002074   0.66508633
271.00000000   2.66448442   2.18384965   0.00001961   0.66506091
281.00000000   2.66429308   2.18381115   0.00001857   0.66503685
291.00000000   2.66411169   2.18377466   0.00001762   0.66501404
301.00000000   2.66393942   2.18373999   0.00001675   0.66499238
311.00000000   2.66377554   2.18370701   0.00001595   0.66497177
321.00000000   2.66361937   2.18367558   0.00001522   0.66495213
331.00000000   2.66347034   2.18364558   0.00001453   0.66493338
341.00000000   2.66332791   2.18361691   0.00001390   0.66491546
351.00000000   2.66319161   2.18358947   0.00001331   0.66489831
361.00000000   2.66306102   2.18356318   0.00001276   0.66488188
371.00000000   2.66293575   2.18353796   0.00001225   0.66486612
381.00000000   2.66281545   2.18351373   0.00001177   0.66485098
391.00000000   2.66269979   2.18349044   0.00001132   0.66483642
401.00000000   2.66258848   2.18346802   0.00001090   0.66482241
411.00000000   2.66248126   2.18344643   0.00001051   0.66480891
421.00000000   2.66237789   2.18342561   0.00001013   0.66479589
431.00000000   2.66227813   2.18340551   0.00000978   0.66478333
441.00000000   2.66218179   2.18338611   0.00000945   0.66477120
451.00000000   2.66208867   2.18336735   0.00000914   0.66475948
461.00000000   2.66199860   2.18334920   0.00000885   0.66474813
471.00000000   2.66191141   2.18333164   0.00000857   0.66473715
481.00000000   2.66182695   2.18331462   0.00000830   0.66472651
491.00000000   2.66174509   2.18329813   0.00000805   0.66471620
501.00000000   2.66166569   2.18328213   0.00000781   0.66470620
511.00000000   2.66158863   2.18326660   0.00000758   0.66469649
521.00000000   2.66151381   2.18325152   0.00000736   0.66468707
531.00000000   2.66144110   2.18323687   0.00000716   0.66467791
541.00000000   2.66137043   2.18322262   0.00000696   0.66466900
551.00000000   2.66130168   2.18320877   0.00000677   0.66466034
561.00000000   2.66123478   2.18319529   0.00000659   0.66465191
571.00000000   2.66116965   2.18318216   0.00000642   0.66464370
581.00000000   2.66110620   2.18316937   0.00000625   0.66463571
591.00000000   2.66104437   2.18315691   0.00000610   0.66462792
601.00000000   2.66098410   2.18314475   0.00000595   0.66462032
611.00000000   2.66092530   2.18313290   0.00000580   0.66461291
621.00000000   2.66086794   2.18312134   0.00000566   0.66460568
631.00000000   2.66081194   2.18311005   0.00000553   0.66459862
641.00000000   2.66075726   2.18309902   0.00000540   0.66459173
651.00000000   2.66070384   2.18308825   0.00000527   0.66458499
661.00000000   2.66065164   2.18307773   0.00000515   0.66457841
671.00000000   2.66060061   2.18306744   0.00000504   0.66457198
681.00000000   2.66055071   2.18305738   0.00000493   0.66456569
691.00000000   2.66050189   2.18304754   0.00000482   0.66455953
701.00000000   2.66045412   2.18303790   0.00000472   0.66455351
711.00000000   2.66040737   2.18302848   0.00000462   0.66454761
721.00000000   2.66036159   2.18301924   0.00000453   0.66454184
731.00000000   2.66031675   2.18301020   0.00000443   0.66453619
741.00000000   2.66027283   2.18300134   0.00000434   0.66453065
751.00000000   2.66022978   2.18299266   0.00000426   0.66452522
761.00000000   2.66018759   2.18298415   0.00000417   0.66451990
771.00000000   2.66014621   2.18297581   0.00000409   0.66451468
781.00000000   2.66010564   2.18296763   0.00000401   0.66450956
791.00000000   2.66006584   2.18295960   0.00000394   0.66450454
801.00000000   2.66002678   2.18295172   0.00000387   0.66449962
811.00000000   2.65998845   2.18294399   0.00000379   0.66449478
821.00000000   2.65995082   2.18293640   0.00000373   0.66449004
831.00000000   2.65991388   2.18292895   0.00000366   0.66448538
841.00000000   2.65987759   2.18292163   0.00000359   0.66448080
851.00000000   2.65984194   2.18291444   0.00000353   0.66447630
861.00000000   2.65980692   2.18290737   0.00000347   0.66447189
871.00000000   2.65977250   2.18290043   0.00000341   0.66446754
881.00000000   2.65973868   2.18289360   0.00000335   0.66446328
891.00000000   2.65970542   2.18288690   0.00000330   0.66445908
901.00000000   2.65967271   2.18288030   0.00000324   0.66445496
911.00000000   2.65964055   2.18287381   0.00000319   0.66445090
921.00000000   2.65960891   2.18286743   0.00000314   0.66444691
931.00000000   2.65957778   2.18286115   0.00000309   0.66444298
941.00000000   2.65954715   2.18285497   0.00000304   0.66443911
951.00000000   2.65951701   2.18284888   0.00000299   0.66443531
961.00000000   2.65948733   2.18284290   0.00000294   0.66443157
971.00000000   2.65945812   2.18283700   0.00000290   0.66442788
981.00000000   2.65942935   2.18283120   0.00000285   0.66442425
991.00000000   2.65940102   2.18282548   0.00000281   0.66442067
1001.00000000   2.65937312   2.18281985   0.00000277   0.66441715
1011.00000000   2.65934563   2.18281431   0.00000273   0.66441368
1021.00000000   2.65931854   2.18280884   0.00000269   0.66441027
1031.00000000   2.65929185   2.18280345   0.00000265   0.66440690
1041.00000000   2.65926554   2.18279815   0.00000261   0.66440358
1051.00000000   2.65923962   2.18279291   0.00000257   0.66440031
1061.00000000   2.65921405   2.18278776   0.00000254   0.66439708
1071.00000000   2.65918885   2.18278267   0.00000250   0.66439390
1081.00000000   2.65916400   2.18277766   0.00000247   0.66439076
1091.00000000   2.65913949   2.18277271   0.00000243   0.66438767
1101.00000000   2.65911532   2.18276783   0.00000240   0.66438462
1111.00000000   2.65909147   2.18276302   0.00000237   0.66438161
1121.00000000   2.65906794   2.18275827   0.00000234   0.66437864
1131.00000000   2.65904472   2.18275358   0.00000230   0.66437571
1141.00000000   2.65902181   2.18274896   0.00000227   0.66437282
1151.00000000   2.65899920   2.18274440   0.00000224   0.66436996
1161.00000000   2.65897689   2.18273989   0.00000222   0.66436715
1171.00000000   2.65895485   2.18273545   0.00000219   0.66436437
1181.00000000   2.65893310   2.18273106   0.00000216   0.66436162
1191.00000000   2.65891163   2.18272672   0.00000213   0.66435891
1201.00000000   2.65889042   2.18272244   0.00000211   0.66435623
1211.00000000   2.65886947   2.18271822   0.00000208   0.66435359
1221.00000000   2.65884879   2.18271404   0.00000205   0.66435098
1231.00000000   2.65882835   2.18270992   0.00000203   0.66434840
1241.00000000   2.65880817   2.18270584   0.00000201   0.66434585
1251.00000000   2.65878822   2.18270182   0.00000198   0.66434333
1261.00000000   2.65876851   2.18269784   0.00000196   0.66434084
1271.00000000   2.65874904   2.18269391   0.00000193   0.66433838
1281.00000000   2.65872979   2.18269002   0.00000191   0.66433595
1291.00000000   2.65871077   2.18268618   0.00000189   0.66433355
1301.00000000   2.65869197   2.18268239   0.00000187   0.66433118
1311.00000000   2.65867339   2.18267864   0.00000185   0.66432883
1321.00000000   2.65865501   2.18267493   0.00000183   0.66432651
1331.00000000   2.65863684   2.18267126   0.00000181   0.66432422
1341.00000000   2.65861888   2.18266763   0.00000179   0.66432195
1351.00000000   2.65860112   2.18266405   0.00000177   0.66431971
1361.00000000   2.65858355   2.18266050   0.00000175   0.66431749
1371.00000000   2.65856617   2.18265699   0.00000173   0.66431530
1381.00000000   2.65854898   2.18265352   0.00000171   0.66431313
1391.00000000   2.65853198   2.18265009   0.00000169   0.66431098
1401.00000000   2.65851517   2.18264670   0.00000167   0.66430885
1411.00000000   2.65849853   2.18264334   0.00000165   0.66430675
1421.00000000   2.65848206   2.18264001   0.00000164   0.66430467
1431.00000000   2.65846577   2.18263672   0.00000162   0.66430262
1441.00000000   2.65844965   2.18263347   0.00000160   0.66430058
1451.00000000   2.65843370   2.18263025   0.00000159   0.66429857
1461.00000000   2.65841791   2.18262706   0.00000157   0.66429657
1471.00000000   2.65840228   2.18262391   0.00000155   0.66429460
1481.00000000   2.65838681   2.18262078   0.00000154   0.66429265
1491.00000000   2.65837149   2.18261769   0.00000152   0.66429071
1501.00000000   2.65835633   2.18261463   0.00000151   0.66428880
1511.00000000   2.65834132   2.18261160   0.00000149   0.66428690
1521.00000000   2.65832646   2.18260860   0.00000148   0.66428503
1531.00000000   2.65831174   2.18260563   0.00000146   0.66428317
1541.00000000   2.65829717   2.18260269   0.00000145   0.66428133
1551.00000000   2.65828274   2.18259977   0.00000144   0.66427950
1561.00000000   2.65826845   2.18259689   0.00000142   0.66427770
1571.00000000   2.65825429   2.18259403   0.00000141   0.66427591
1581.00000000   2.65824027   2.18259120   0.00000139   0.66427414
1591.00000000   2.65822638   2.18258839   0.00000138   0.66427239
1601.00000000   2.65821262   2.18258561   0.00000137   0.66427065
1611.00000000   2.65819899   2.18258286   0.00000136   0.66426893
1621.00000000   2.65818548   2.18258014   0.00000134   0.66426722
1631.00000000   2.65817210   2.18257743   0.00000133   0.66426553
1641.00000000   2.65815885   2.18257476   0.00000132   0.66426386
1651.00000000   2.65814571   2.18257210   0.00000131   0.66426220
1661.00000000   2.65813269   2.18256948   0.00000130   0.66426055
1671.00000000   2.65811979   2.18256687   0.00000128   0.66425892
1681.00000000   2.65810700   2.18256429   0.00000127   0.66425731
1691.00000000   2.65809433   2.18256173   0.00000126   0.66425571
1701.00000000   2.65808177   2.18255919   0.00000125   0.66425412
1711.00000000   2.65806932   2.18255668   0.00000124   0.66425255
1721.00000000   2.65805698   2.18255419   0.00000123   0.66425099
1731.00000000   2.65804474   2.18255172   0.00000122   0.66424944
1741.00000000   2.65803262   2.18254927   0.00000121   0.66424791
1751.00000000   2.65802059   2.18254684   0.00000120   0.66424639
1761.00000000   2.65800867   2.18254443   0.00000119   0.66424489
1771.00000000   2.65799685   2.18254204   0.00000118   0.66424339
1781.00000000   2.65798513   2.18253968   0.00000117   0.66424191
1791.00000000   2.65797350   2.18253733   0.00000116   0.66424045
1801.00000000   2.65796198   2.18253500   0.00000115   0.66423899
1811.00000000   2.65795054   2.18253269   0.00000114   0.66423755
1821.00000000   2.65793921   2.18253040   0.00000113   0.66423611
1831.00000000   2.65792796   2.18252813   0.00000112   0.66423469
1841.00000000   2.65791681   2.18252588   0.00000111   0.66423328
1851.00000000   2.65790575   2.18252365   0.00000110   0.66423189
1861.00000000   2.65789478   2.18252143   0.00000109   0.66423050
1871.00000000   2.65788389   2.18251923   0.00000108   0.66422913
1881.00000000   2.65787310   2.18251705   0.00000107   0.66422776
1891.00000000   2.65786239   2.18251489   0.00000107   0.66422641
1901.00000000   2.65785176   2.18251274   0.00000106   0.66422507
1911.00000000   2.65784122   2.18251062   0.00000105   0.66422373
1921.00000000   2.65783075   2.18250850   0.00000104   0.66422241
1931.00000000   2.65782037   2.18250641   0.00000103   0.66422110
1941.00000000   2.65781008   2.18250433   0.00000103   0.66421980
1951.00000000   2.65779986   2.18250226   0.00000102   0.66421851
1961.00000000   2.65778971   2.18250021   0.00000101   0.66421723
1971.00000000   2.65777965   2.18249818   0.00000100   0.66421596
1981.00000000   2.65776966   2.18249616   0.00000099   0.66421469
1991.00000000   2.65775975   2.18249416   0.00000099   0.66421344
2001.00000000   2.65774991   2.18249217   0.00000098   0.66421220
2011.00000000   2.65774014   2.18249020   0.00000097   0.66421096
2021.00000000   2.65773045   2.18248825   0.00000097   0.66420974
2031.00000000   2.65772083   2.18248630   0.00000096   0.66420852
2041.00000000   2.65771128   2.18248437   0.00000095   0.66420732
2051.00000000   2.65770180   2.18248246   0.00000094   0.66420612
2061.00000000   2.65769239   2.18248056   0.00000094   0.66420493
2071.00000000   2.65768305   2.18247867   0.00000093   0.66420375
2081.00000000   2.65767377   2.18247680   0.00000092   0.66420258
2091.00000000   2.65766456   2.18247494   0.00000092   0.66420141
2101.00000000   2.65765542   2.18247309   0.00000091   0.66420026
2111.00000000   2.65764634   2.18247126   0.00000090   0.66419911
2121.00000000   2.65763733   2.18246944   0.00000090   0.66419797
2131.00000000   2.65762838   2.18246763   0.00000089   0.66419684
2141.00000000   2.65761949   2.18246583   0.00000089   0.66419572
2151.00000000   2.65761066   2.18246405   0.00000088   0.66419460
2161.00000000   2.65760190   2.18246228   0.00000087   0.66419350
2171.00000000   2.65759320   2.18246052   0.00000087   0.66419240
2181.00000000   2.65758455   2.18245878   0.00000086   0.66419131
2191.00000000   2.65757597   2.18245704   0.00000086   0.66419022
2201.00000000   2.65756744   2.18245532   0.00000085   0.66418914
2211.00000000   2.65755897   2.18245361   0.00000084   0.66418807
2221.00000000   2.65755056   2.18245191   0.00000084   0.66418701
2231.00000000   2.65754221   2.18245022   0.00000083   0.66418595
2241.00000000   2.65753391   2.18244855   0.00000083   0.66418491
2251.00000000   2.65752567   2.18244688   0.00000082   0.66418386
2261.00000000   2.65751748   2.18244523   0.00000082   0.66418283
2271.00000000   2.65750935   2.18244359   0.00000081   0.66418180
2281.00000000   2.65750127   2.18244195   0.00000081   0.66418078
2291.00000000   2.65749324   2.18244033   0.00000080   0.66417977
2301.00000000   2.65748526   2.18243872   0.00000079   0.66417876
2311.00000000   2.65747734   2.18243712   0.00000079   0.66417776
2321.00000000   2.65746947   2.18243553   0.00000078   0.66417676
2331.00000000   2.65746165   2.18243395   0.00000078   0.66417577
2341.00000000   2.65745387   2.18243238   0.00000077   0.66417479
2351.00000000   2.65744615   2.18243082   0.00000077   0.66417382
2361.00000000   2.65743848   2.18242927   0.00000076   0.66417285
2371.00000000   2.65743086   2.18242773   0.00000076   0.66417188
2381.00000000   2.65742328   2.18242620   0.00000075   0.66417093
2391.00000000   2.65741575   2.18242468   0.00000075   0.66416997
2401.00000000   2.65740827   2.18242317   0.00000075   0.66416903
2411.00000000   2.65740084   2.18242167   0.00000074   0.66416809
2421.00000000   2.65739345   2.18242017   0.00000074   0.66416716
2431.00000000   2.65738611   2.18241869   0.00000073   0.66416623
2441.00000000   2.65737881   2.18241722   0.00000073   0.66416531
2451.00000000   2.65737155   2.18241575   0.00000072   0.66416439
2461.00000000   2.65736435   2.18241430   0.00000072   0.66416348
2471.00000000   2.65735718   2.18241285   0.00000071   0.66416257
2481.00000000   2.65735006   2.18241141   0.00000071   0.66416167
2491.00000000   2.65734298   2.18240998   0.00000071   0.66416078
2501.00000000   2.65733594   2.18240856   0.00000070   0.66415989
2511.00000000   2.65732895   2.18240715   0.00000070   0.66415900
2521.00000000   2.65732200   2.18240574   0.00000069   0.66415813
2531.00000000   2.65731509   2.18240434   0.00000069   0.66415725
2541.00000000   2.65730822   2.18240296   0.00000068   0.66415638
2551.00000000   2.65730139   2.18240158   0.00000068   0.66415552
2561.00000000   2.65729460   2.18240020   0.00000068   0.66415466
2571.00000000   2.65728784   2.18239884   0.00000067   0.66415381
2581.00000000   2.65728113   2.18239749   0.00000067   0.66415296
2591.00000000   2.65727446   2.18239614   0.00000067   0.66415212
2601.00000000   2.65726783   2.18239480   0.00000066   0.66415128
2611.00000000   2.65726123   2.18239346   0.00000066   0.66415045
2621.00000000   2.65725467   2.18239214   0.00000065   0.66414962
2631.00000000   2.65724815   2.18239082   0.00000065   0.66414879
2641.00000000   2.65724167   2.18238951   0.00000065   0.66414797
2651.00000000   2.65723522   2.18238821   0.00000064   0.66414716
2661.00000000   2.65722881   2.18238692   0.00000064   0.66414635
2671.00000000   2.65722244   2.18238563   0.00000064   0.66414554
2681.00000000   2.65721610   2.18238435   0.00000063   0.66414474
2691.00000000   2.65720980   2.18238307   0.00000063   0.66414394
2701.00000000   2.65720353   2.18238181   0.00000062   0.66414315
2711.00000000   2.65719730   2.18238055   0.00000062   0.66414236
2721.00000000   2.65719110   2.18237930   0.00000062   0.66414158
2731.00000000   2.65718493   2.18237805   0.00000061   0.66414080
2741.00000000   2.65717880   2.18237681   0.00000061   0.66414003
2751.00000000   2.65717270   2.18237558   0.00000061   0.66413926
2761.00000000   2.65716664   2.18237435   0.00000060   0.66413849
2771.00000000   2.65716061   2.18237314   0.00000060   0.66413773
2781.00000000   2.65715461   2.18237192   0.00000060   0.66413697
2791.00000000   2.65714864   2.18237072   0.00000059   0.66413621
2801.00000000   2.65714271   2.18236952   0.00000059   0.66413546
2811.00000000   2.65713680   2.18236833   0.00000059   0.66413472
2821.00000000   2.65713093   2.18236714   0.00000059   0.66413398
2831.00000000   2.65712509   2.18236596   0.00000058   0.66413324
2841.00000000   2.65711928   2.18236479   0.00000058   0.66413250
2851.00000000   2.65711350   2.18236362   0.00000058   0.66413177
2861.00000000   2.65710775   2.18236246   0.00000057   0.66413105
2871.00000000   2.65710203   2.18236130   0.00000057   0.66413032
2881.00000000   2.65709634   2.18236015   0.00000057   0.66412960
2891.00000000   2.65709068   2.18235901   0.00000056   0.66412889
2901.00000000   2.65708505   2.18235787   0.00000056   0.66412818
2911.00000000   2.65707945   2.18235674   0.00000056   0.66412747
2921.00000000   2.65707388   2.18235561   0.00000056   0.66412676
2931.00000000   2.65706834   2.18235449   0.00000055   0.66412606
2941.00000000   2.65706282   2.18235338   0.00000055   0.66412537
2951.00000000   2.65705733   2.18235227   0.00000055   0.66412467
2961.00000000   2.65705187   2.18235117   0.00000054   0.66412398
2971.00000000   2.65704644   2.18235007   0.00000054   0.66412330
2981.00000000   2.65704103   2.18234898   0.00000054   0.66412261
2991.00000000   2.65703566   2.18234789   0.00000054   0.66412193
3001.00000000   2.65703031   2.18234681   0.00000053   0.66412126
3011.00000000   2.65702498   2.18234573   0.00000053   0.66412058
3021.00000000   2.65701968   2.18234466   0.00000053   0.66411991
3031.00000000   2.65701441   2.18234360   0.00000053   0.66411925
3041.00000000   2.65700917   2.18234254   0.00000052   0.66411858
3051.00000000   2.65700395   2.18234148   0.00000052   0.66411792
3061.00000000   2.65699875   2.18234043   0.00000052   0.66411727
3071.00000000   2.65699358   2.18233939   0.00000052   0.66411661
3081.00000000   2.65698844   2.18233835   0.00000051   0.66411596
3091.00000000   2.65698332   2.18233732   0.00000051   0.66411532
3101.00000000   2.65697823   2.18233629   0.00000051   0.66411467
3111.00000000   2.65697316   2.18233526   0.00000051   0.66411403
3121.00000000   2.65696811   2.18233424   0.00000050   0.66411339
3131.00000000   2.65696309   2.18233323   0.00000050   0.66411276
3141.00000000   2.65695810   2.18233222   0.00000050   0.66411213
3151.00000000   2.65695312   2.18233121   0.00000050   0.66411150
3161.00000000   2.65694818   2.18233021   0.00000049   0.66411087
3171.00000000   2.65694325   2.18232922   0.00000049   0.66411025
3181.00000000   2.65693835   2.18232823   0.00000049   0.66410963
3191.00000000   2.65693347   2.18232724   0.00000049   0.66410901
3201.00000000   2.65692861   2.18232626   0.00000048   0.66410840
3211.00000000   2.65692378   2.18232528   0.00000048   0.66410779
3221.00000000   2.65691897   2.18232431   0.00000048   0.66410718
3231.00000000   2.65691418   2.18232334   0.00000048   0.66410658
3241.00000000   2.65690941   2.18232238   0.00000048   0.66410597
3251.00000000   2.65690466   2.18232142   0.00000047   0.66410537
3261.00000000   2.65689994   2.18232047   0.00000047   0.66410478
3271.00000000   2.65689524   2.18231952   0.00000047   0.66410418
3281.00000000   2.65689056   2.18231857   0.00000047   0.66410359
3291.00000000   2.65688590   2.18231763   0.00000046   0.66410300
3301.00000000   2.65688126   2.18231669   0.00000046   0.66410242
3311.00000000   2.65687665   2.18231576   0.00000046   0.66410183
3321.00000000   2.65687205   2.18231483   0.00000046   0.66410125
3331.00000000   2.65686748   2.18231391   0.00000046   0.66410067
3341.00000000   2.65686292   2.18231299   0.00000045   0.66410010
3351.00000000   2.65685839   2.18231207   0.00000045   0.66409952
3361.00000000   2.65685388   2.18231116   0.00000045   0.66409895
3371.00000000   2.65684938   2.18231025   0.00000045   0.66409838
3381.00000000   2.65684491   2.18230935   0.00000045   0.66409782
3391.00000000   2.65684046   2.18230845   0.00000044   0.66409726
3401.00000000   2.65683602   2.18230755   0.00000044   0.66409670
3411.00000000   2.65683161   2.18230666   0.00000044   0.66409614
3421.00000000   2.65682721   2.18230577   0.00000044   0.66409558
3431.00000000   2.65682284   2.18230489   0.00000044   0.66409503
3441.00000000   2.65681848   2.18230401   0.00000043   0.66409448
3451.00000000   2.65681414   2.18230313   0.00000043   0.66409393
3461.00000000   2.65680982   2.18230226   0.00000043   0.66409338
3471.00000000   2.65680552   2.18230139   0.00000043   0.66409284
3481.00000000   2.65680124   2.18230052   0.00000043   0.66409230
3491.00000000   2.65679698   2.18229966   0.00000043   0.66409176
3501.00000000   2.65679273   2.18229880   0.00000042   0.66409122
3511.00000000   2.65678850   2.18229795   0.00000042   0.66409069
3521.00000000   2.65678429   2.18229710   0.00000042   0.66409016
3531.00000000   2.65678010   2.18229625   0.00000042   0.66408963
3541.00000000   2.65677593   2.18229541   0.00000042   0.66408910
3551.00000000   2.65677177   2.18229457   0.00000041   0.66408857
3561.00000000   2.65676764   2.18229373   0.00000041   0.66408805
3571.00000000   2.65676351   2.18229290   0.00000041   0.66408753
3581.00000000   2.65675941   2.18229207   0.00000041   0.66408701
3591.00000000   2.65675532   2.18229124   0.00000041   0.66408649
3601.00000000   2.65675125   2.18229042   0.00000041   0.66408598
3611.00000000   2.65674720   2.18228960   0.00000040   0.66408547
3621.00000000   2.65674317   2.18228879   0.00000040   0.66408496
3631.00000000   2.65673915   2.18228798   0.00000040   0.66408445
3641.00000000   2.65673514   2.18228717   0.00000040   0.66408394
3651.00000000   2.65673116   2.18228636   0.00000040   0.66408344
3661.00000000   2.65672719   2.18228556   0.00000040   0.66408293
3671.00000000   2.65672324   2.18228476   0.00000039   0.66408244
3681.00000000   2.65671930   2.18228396   0.00000039   0.66408194
3691.00000000   2.65671538   2.18228317   0.00000039   0.66408144
3701.00000000   2.65671147   2.18228238   0.00000039   0.66408095
3711.00000000   2.65670758   2.18228160   0.00000039   0.66408046
3721.00000000   2.65670371   2.18228081   0.00000039   0.66407997
3731.00000000   2.65669985   2.18228003   0.00000038   0.66407948
3741.00000000   2.65669601   2.18227926   0.00000038   0.66407899
3751.00000000   2.65669218   2.18227848   0.00000038   0.66407851
3761.00000000   2.65668837   2.18227771   0.00000038   0.66407803
3771.00000000   2.65668457   2.18227695   0.00000038   0.66407755
3781.00000000   2.65668079   2.18227618   0.00000038   0.66407707
3791.00000000   2.65667702   2.18227542   0.00000038   0.66407659
3801.00000000   2.65667327   2.18227466   0.00000037   0.66407612
3811.00000000   2.65666953   2.18227391   0.00000037   0.66407564
3821.00000000   2.65666581   2.18227315   0.00000037   0.66407517
3831.00000000   2.65666210   2.18227240   0.00000037   0.66407470
3841.00000000   2.65665841   2.18227166   0.00000037   0.66407424
3851.00000000   2.65665473   2.18227091   0.00000037   0.66407377
3861.00000000   2.65665106   2.18227017   0.00000037   0.66407331
3871.00000000   2.65664741   2.18226944   0.00000036   0.66407285
3881.00000000   2.65664377   2.18226870   0.00000036   0.66407239
3891.00000000   2.65664015   2.18226797   0.00000036   0.66407193
3901.00000000   2.65663654   2.18226724   0.00000036   0.66407147
3911.00000000   2.65663295   2.18226651   0.00000036   0.66407102
3921.00000000   2.65662937   2.18226579   0.00000036   0.66407057
3931.00000000   2.65662580   2.18226507   0.00000036   0.66407011
3941.00000000   2.65662225   2.18226435   0.00000035   0.66406967
3951.00000000   2.65661871   2.18226363   0.00000035   0.66406922
3961.00000000   2.65661518   2.18226292   0.00000035   0.66406877
3971.00000000   2.65661167   2.18226221   0.00000035   0.66406833
3981.00000000   2.65660816   2.18226150   0.00000035   0.66406788
3991.00000000   2.65660468   2.18226080   0.00000035   0.66406744
4001.00000000   2.65660120   2.18226010   0.00000035   0.66406700
4011.00000000   2.65659774   2.18225940   0.00000035   0.66406657
4021.00000000   2.65659429   2.18225870   0.00000034   0.66406613
4031.00000000   2.65659086   2.18225801   0.00000034   0.66406570
4041.00000000   2.65658744   2.18225732   0.00000034   0.66406526
4051.00000000   2.65658403   2.18225663   0.00000034   0.66406483
4061.00000000   2.65658063   2.18225594   0.00000034   0.66406440
4071.00000000   2.65657724   2.18225526   0.00000034   0.66406397
4081.00000000   2.65657387   2.18225457   0.00000034   0.66406355
4091.00000000   2.65657051   2.18225389   0.00000034   0.66406312
4101.00000000   2.65656716   2.18225322   0.00000033   0.66406270
4111.00000000   2.65656383   2.18225254   0.00000033   0.66406228
4121.00000000   2.65656051   2.18225187   0.00000033   0.66406186
4131.00000000   2.65655719   2.18225120   0.00000033   0.66406144
4141.00000000   2.65655390   2.18225054   0.00000033   0.66406102
4151.00000000   2.65655061   2.18224987   0.00000033   0.66406061
4161.00000000   2.65654733   2.18224921   0.00000033   0.66406019
4171.00000000   2.65654407   2.18224855   0.00000033   0.66405978
4181.00000000   2.65654082   2.18224789   0.00000032   0.66405937
4191.00000000   2.65653758   2.18224724   0.00000032   0.66405896
4201.00000000   2.65653435   2.18224659   0.00000032   0.66405855
4211.00000000   2.65653113   2.18224594   0.00000032   0.66405814
4221.00000000   2.65652792   2.18224529   0.00000032   0.66405774
4231.00000000   2.65652473   2.18224464   0.00000032   0.66405733
4241.00000000   2.65652155   2.18224400   0.00000032   0.66405693
4251.00000000   2.65651838   2.18224336   0.00000032   0.66405653
4261.00000000   2.65651521   2.18224272   0.00000032   0.66405613
4271.00000000   2.65651206   2.18224208   0.00000031   0.66405573
4281.00000000   2.65650893   2.18224145   0.00000031   0.66405534
4291.00000000   2.65650580   2.18224082   0.00000031   0.66405494
4301.00000000   2.65650268   2.18224019   0.00000031   0.66405455
4311.00000000   2.65649958   2.18223956   0.00000031   0.66405415
4321.00000000   2.65649648   2.18223893   0.00000031   0.66405376
4331.00000000   2.65649340   2.18223831   0.00000031   0.66405337
4341.00000000   2.65649032   2.18223769   0.00000031   0.66405298
4351.00000000   2.65648726   2.18223707   0.00000031   0.66405260
4361.00000000   2.65648421   2.18223645   0.00000030   0.66405221
4371.00000000   2.65648117   2.18223584   0.00000030   0.66405182
4381.00000000   2.65647813   2.18223522   0.00000030   0.66405144
4391.00000000   2.65647511   2.18223461   0.00000030   0.66405106
4401.00000000   2.65647210   2.18223400   0.00000030   0.66405068
4411.00000000   2.65646910   2.18223340   0.00000030   0.66405030
4421.00000000   2.65646611   2.18223279   0.00000030   0.66404992
4431.00000000   2.65646313   2.18223219   0.00000030   0.66404954
4441.00000000   2.65646016   2.18223159   0.00000030   0.66404917
4451.00000000   2.65645720   2.18223099   0.00000030   0.66404879
4461.00000000   2.65645425   2.18223040   0.00000029   0.66404842
4471.00000000   2.65645131   2.18222980   0.00000029   0.66404805
4481.00000000   2.65644838   2.18222921   0.00000029   0.66404768
4491.00000000   2.65644546   2.18222862   0.00000029   0.66404731
4501.00000000   2.65644255   2.18222803   0.00000029   0.66404694
4511.00000000   2.65643964   2.18222744   0.00000029   0.66404657
4521.00000000   2.65643675   2.18222686   0.00000029   0.66404621
4531.00000000   2.65643387   2.18222628   0.00000029   0.66404584
4541.00000000   2.65643100   2.18222570   0.00000029   0.66404548
4551.00000000   2.65642813   2.18222512   0.00000029   0.66404512
4561.00000000   2.65642528   2.18222454   0.00000028   0.66404476
4571.00000000   2.65642244   2.18222397   0.00000028   0.66404440
4581.00000000   2.65641960   2.18222339   0.00000028   0.66404404
4591.00000000   2.65641677   2.18222282   0.00000028   0.66404368
4601.00000000   2.65641396   2.18222225   0.00000028   0.66404333
4611.00000000   2.65641115   2.18222169   0.00000028   0.66404297
4621.00000000   2.65640835   2.18222112   0.00000028   0.66404262
4631.00000000   2.65640556   2.18222056   0.00000028   0.66404226
4641.00000000   2.65640278   2.18221999   0.00000028   0.66404191
4651.00000000   2.65640001   2.18221943   0.00000028   0.66404156
4661.00000000   2.65639725   2.18221888   0.00000028   0.66404121
4671.00000000   2.65639450   2.18221832   0.00000027   0.66404086
4681.00000000   2.65639175   2.18221776   0.00000027   0.66404052
4691.00000000   2.65638901   2.18221721   0.00000027   0.66404017
4701.00000000   2.65638629   2.18221666   0.00000027   0.66403983
4711.00000000   2.65638357   2.18221611   0.00000027   0.66403948
4721.00000000   2.65638086   2.18221556   0.00000027   0.66403914
4731.00000000   2.65637816   2.18221502   0.00000027   0.66403880
4741.00000000   2.65637547   2.18221447   0.00000027   0.66403846
4751.00000000   2.65637278   2.18221393   0.00000027   0.66403812
4761.00000000   2.65637011   2.18221339   0.00000027   0.66403778
4771.00000000   2.65636744   2.18221285   0.00000027   0.66403744
4781.00000000   2.65636478   2.18221231   0.00000027   0.66403711
4791.00000000   2.65636213   2.18221178   0.00000026   0.66403677
4801.00000000   2.65635949   2.18221124   0.00000026   0.66403644
4811.00000000   2.65635685   2.18221071   0.00000026   0.66403610
4821.00000000   2.65635423   2.18221018   0.00000026   0.66403577
4831.00000000   2.65635161   2.18220965   0.00000026   0.66403544
4841.00000000   2.65634900   2.18220912   0.00000026   0.66403511
4851.00000000   2.65634640   2.18220860   0.00000026   0.66403478
4861.00000000   2.65634380   2.18220807   0.00000026   0.66403445
4871.00000000   2.65634122   2.18220755   0.00000026   0.66403413
4881.00000000   2.65633864   2.18220703   0.00000026   0.66403380
4891.00000000   2.65633607   2.18220651   0.00000026   0.66403347
4901.00000000   2.65633351   2.18220599   0.00000026   0.66403315
4911.00000000   2.65633096   2.18220548   0.00000025   0.66403283
4921.00000000   2.65632841   2.18220496   0.00000025   0.66403251
4931.00000000   2.65632587   2.18220445   0.00000025   0.66403218
4941.00000000   2.65632334   2.18220394   0.00000025   0.66403186
4951.00000000   2.65632082   2.18220343   0.00000025   0.66403155
4961.00000000   2.65631830   2.18220292   0.00000025   0.66403123
4971.00000000   2.65631579   2.18220241   0.00000025   0.66403091
4981.00000000   2.65631329   2.18220191   0.00000025   0.66403059
4991.00000000   2.65631080   2.18220140   0.00000025   0.66403028
